-0.0005809246905013
-0.0012453123575513
-0.0039316020759852
-0.0003990148646711
-0.0026690608345321
-0.0037397195734723
-0.0009871350091775
0.0000000000000000
-0.0058892565892652
0.0000000000000000
-0.0021169252745867
-0.0408627050138817
0.0000000000000000
0.0000000000000000
-0.0010460466668851
-0.0037534537591100
-0.0020595871336990
-0.0072516700177596
-0.0010460466668851
-0.0055447394027590
-0.0016462192367621
-0.0024055846078390
0.0000000000000000
-0.0031253598442538
-0.0004212033016344
-0.0001495029877123
-0.0167253466716417
-0.0054162593525948
-0.0014737343815998
0.0000000000000000
0.0000000000000000
-0.0014711974203099
-0.0042946768531298
-0.0020165035413839
-0.0035640581382257
0.0000000000000000
0.0000000000000000
-0.0058066819536267
-0.0033642115586341
-0.0052324800449783
0.0000000000000000
0.0000000000000000
-0.0053105322057707
-0.0027121489866619
-0.0002034346093769
0.0000000000000000
-0.0001629258071318
0.0000000000000000
-0.0001629258071318
-0.0000680023188107
-0.0525196987896219
-0.0281399482217726
-0.0005249907515612
-0.0002260093522395
-0.0170632953210950
-0.0010010527753703
-0.0003667155586982
-0.0001953503586591
0.0000000000000000
-0.0010889057232628
-0.0012858410262311
-0.0010160540225943
-0.0057700057790573
-0.0005198764870684
-0.0004318677693522
-0.0000414470576118
-0.0006197415369806
-0.0032789479935378
-0.0012189243122975
-0.0039471897155456
-0.0000001466741741
-0.0001157336632707
-0.0012961560634759
-0.0018840237935986
-0.0008123153801467
-0.0009199807534852
-0.0001799536760654
-0.0005163283767367
-0.0000338644533198
-0.0010683812798389
0.0000000000000000
-0.0040376307924888
-0.0035073570904327
-0.0164085306081585
-0.0023916616334017
-0.0014975807042710
0.0000000000000000
-0.0031859391341484
-0.0002921779073297
-0.0012729098600026
-0.0012106022363865
-0.0011999276076766
-0.0032112370889150
-0.0001188065670039
-0.0017945801098902
-0.0066461006829464
-0.0046861519105459
0.0000000000000000
-0.0030003976931283
-0.0049969685876619
-0.0190198987721040
-0.0016785777489297
-0.0013115158272479
-0.0044786875880760
-0.0007116206217015
-0.0027516948680288
-0.0027599840219672
-0.0003119927799062
-0.0003804052730789
-0.0001329859928685
-0.0015018282244501
-0.0000016356429029
-0.0009771656865194
0.0000000000000000
-0.0000747273935939
-0.0018052962219306
-0.0036588904361494
-0.0011586033132254
0.0000000000000000
0.0000000000000000
-0.0027727826047608
-0.0000169673667774
-0.0094263893910540
-0.0004674030170246
-0.0015751357640994
-0.0000036069786553
-0.0007011625323354
-0.1059695042515862
-0.0004402565862307
-0.0000240930177187
0.0000000000000000
0.0000000000000000
-0.0002376542266287
-0.0047761124209078
-0.0003729452823071
-0.0002174445616490
-0.0029479496295064
-0.0014596086766101
-0.0000233827106584
-0.0004119608824471
-0.0007490758134221
-0.0010072381862551
-0.0006721812395929
-0.0005363774535745
-0.0001860218893928
-0.0032574504479737
-0.0001650052958198
0.0000000000000000
0.0000000000000000
-0.0087281388424412
-0.0035510121541815
-0.0002117390619976
-0.0015786117085543
-0.0036309860007737
-0.0020695804061432
-0.0018821615053515
-0.0001697488005838
-0.0003046918009701
-0.0006888629173147
0.0000000000000000
-0.0000712457150520
-0.0031529099963885
-0.0019484811979993
-0.0024406322914903
-0.0029594283795760
-0.0004680829582711
-0.0087126456641649
-0.0000718028108224
-0.0011744990517606
-0.0011770968398395
-0.0023394130167400
-0.0012364465607480
-0.0022299024921830
-0.0025335028176210
-0.0001656748108525
-0.0015590708711661
-0.0035648623833149
-0.0086500523729658
-0.0007661883968773
0.0000000000000000
-0.0002211553660620
-0.0032353587012164
-0.0029508006853032
-0.0029708963220152
-0.0198702185633230
-0.0004829975830951
-0.0012813268266960
-0.0005417432979025
-0.0005363259585707
-0.0006094795040710
-0.0025206472645163
-0.0003472238560569
-0.0005896854719580
0.0000000000000000
-0.0034768759642727
0.0000000000000000
0.0000000000000000
0.0000000000000000
-0.0022509559548833
-0.0114175573878565
-0.0014298166943840
-0.0073958288647180
-0.0002569827148946
-0.0000845388523913
-0.0021576001942556
-0.0006382991560656
-0.0029936761517764
0.0000000000000000
-0.0058895624937065
-0.0021965290916066
-0.0009508711419084
-0.0001877486349331
-0.0012000816454805
-0.0005236626585257
-0.0001877486349331
-0.0004709971393844
-0.0005473636855129
-0.0001415081010965
0.0000000000000000
-0.0330480337066490
-0.0014774047097479
-0.0013958889218610
-0.0001953122170253
-0.0000699972304368
-0.0004314930245428
-0.0007615300499575
-0.0017707395523212
-0.0010478976003228
-0.0001807908189626
0.0000000000000000
-0.0000395477523476
-0.0016015828436462
-0.0161193806014284
-0.0000173183010173
-0.0060528922410850
-0.0012319244830561
-0.0001882705490646
-0.0028305813053251
-0.0010288246478272
-0.0024144381598692
-0.0057519270027981
-0.0008104239398659
-0.0012397140491398
-0.0003954375938218
-0.0005788251163938
-0.0012054401176673
-0.0003604086404998
-0.0001849183150968
-0.0002427286535926
0.0000000000000000
-0.0005048102793221
-0.0001614378013119
0.0000000000000000
-0.0048552436539504
-0.0032317139815206
-0.0025421289218377
0.0000000000000000
-0.0053071459552996
0.0000000000000000
-0.0043061096888461
-0.0037252203871407
-0.0001350718021014
-0.0005884962590770
-0.0037792124153224
-0.0003233600871422
-0.0007787738335931
-0.0036591674225708
-0.0004557838395804
-0.0095887976332989
-0.0001126307334394
-0.0054278621476715
-0.0012806534331435
-0.0014026951871280
-0.0030689667657366
-0.0002273467053033
0.0000000000000000
-0.0028909849833871
0.0000000000000000
-0.0020582248942285
-0.0001349136949322
-0.0009541142548644
-0.0037838878008092
0.0000000000000000
-0.0034151366820492
-0.0124620800618978
-0.0010081029620874
0.0000000000000000
-0.0002636541576999
-0.0077490285352324
-0.0024998994994174
0.0000000000000000
0.0000000000000000
-0.0019589131013493
-0.0005926173528863
-0.0042737506889212
0.0000000000000000
-0.0001149713685145
-0.0020225977954844
-0.0008160990423489
-0.0005716668427649
-0.0121535043422805
-0.0028230180185602
-0.0091256343207684
-0.0013251731924795
-0.0022871255555383
0.0000000000000000
-0.0060906205182434
0.0000000000000000
-0.0075082852744730
0.0000000000000000
0.0000000000000000
0.0000000000000000
-0.0043170038271736
-0.0026388179716870
-0.0062107172700534
-0.0011299110060605
-0.0038080880469931
-0.0015643669666670
-0.0036757296512056
-0.0014415526261313
-0.0004214235552347
-0.0007403359798879
-0.0010955248502729
-0.0004371407108810
-0.0017113759638185
-0.0007770157146592
-0.0010365402369414
-0.0002388059656715
0.0000000000000000
-0.0001021069784199
-0.0057453984074378
-0.0000115832099841
-0.0000104081915318
-0.0000000000000018
-0.0000000000000027
-0.0000000000000018
-0.0000124165764230
-0.0000000000000018
-0.0000900638598296
-0.0148911474082016
-0.0010412411001646
-0.0008836227597087
0.0000000000000000
-0.0003977866897458
-0.0067032080660274
-0.0022969612672847
-0.0016769619826791
0.0000000000000000
-0.0048472665751698
-0.0053291925333347
-0.0045522308836308
-0.0005654489102316
-0.0008813428976762
-0.0013726022536025
-0.0001038282342289
-0.0007674653012995
-0.0006953727724923
-0.0016005028580057
0.0000000000000000
-0.0011783685383033
-0.0005620319891460
-0.0021476930580855
-0.0004593215137891
-0.0018429683881056
-0.0004265574521654
-0.0000124408423883
0.0000000000000000
-0.0042482483994561
-0.0091716169468548
0.0000000000000000
0.0000000000000000
-0.0002783054288127
-0.0048847740850491
-0.0002110272083469
-0.0011493898562502
-0.0008700610586398
-0.0007000946900746
-0.0006685060045815
-0.0010796897136220
-0.0162767030078577
-0.0009484781288815
-0.0018863588335627
-0.0021850316392920
-0.0042379609882852
-0.0000767011066127
-0.0002432864224975
-0.0008143026895153
0.0000000000000000
-0.0002322473028187
-0.0001539910406256
-0.0000189029601092
-0.0002167431142279
-0.0023678466815902
-0.0003062116665289
-0.0037016435656305
-0.0000649143030751
-0.0056317304559030
-0.0017723194205352
-0.0011443460766287
-0.0037456581186115
-0.0000456445603305
0.0000000000000000
-0.0001463529667163
-0.0005210118501875
-0.0057952244434620
-0.0176618794084931
-0.0028516088411976
-0.0016983512441211
-0.0000422007470089
-0.0001160461986469
-0.0007387450319012
-0.0008107528761903
-0.0008044558370166
-0.0001191844382671
-0.0026916574310176
-0.0007442482191458
-0.0012582748788219
-0.0012324444114160
-0.0085436799349150
-0.0013642140960108
-0.0002264443094848
-0.0036267990215588
-0.0078837098521873
-0.0023981625668661
-0.0003929355300123
0.0000000000000000
0.0000000000000000
-0.0035274392588427
0.0000000000000000
-0.0022125524348100
0.0000000000000000
-0.0007002457969145
-0.0007002457969145
-0.0010367682116206
-0.0071555828551304
-0.0005901254183289
-0.0000410401801219
-0.0000410401801219
0.0000000000000000
-0.0137303850403319
-0.0007028623138474
-0.0001730374378148
0.0000000000000000
-0.0065314146943560
-0.0001342687786039
-0.0042145092937247
-0.0021689610671851
-0.0035753900424345
-0.0051867608414700
-0.0027526869776580
-0.0018460293127278
-0.0008320198858272
-0.0005829923315712
-0.0024212510386104
-0.0015611173921641
-0.0004954637973533
-0.0025823022549663
-0.0000859587772490
-0.0007669435000093
-0.0067252031115501
0.0000000000000000
-0.0002543568223521
0.0000000000000000
-0.0027638896727087
0.0000000000000000
-0.0109640195417526
0.0000000000000000
0.0000000000000000
-0.0040815732240036
-0.0018442437739292
-0.0002457053065230
-0.0059507823332599
-0.0002924881163970
-0.0000734271880196
-0.0018440591582323
-0.0116897931977915
-0.0001667736878614
-0.0003111480746343
0.0000000000000000
-0.0131792559697175
-0.0004081632086343
-0.0004514213524232
0.0000000000000000
-0.0006687505703056
-0.0268381972977050
-0.0007501168300799
-0.0001639873191337
-0.0001186081849003
-0.0002103490632894
-0.0019408854652001
-0.0007696521936484
0.0000000000000000
-0.0027451239534830
-0.0049747166951501
0.0000000000000000
0.0000000000000000
-0.0026964942947272
-0.0048941730879557
0.0000000000000000
0.0000000000000000
-0.0028353088728963
-0.0016183798230962
-0.0027948584141981
-0.0029598429986244
-0.0002558762253075
-0.0047066381919514
-0.0015619976971628
-0.0000842070007376
-0.0001420587174588
-0.0008093603862029
-0.0001568947017860
-0.0001231373185275
-0.0002276976394935
-0.0004014214474797
-0.0040760819406840
-0.0001095903822472
-0.0057373982345936
-0.0036437721854448
-0.0001231373185275
-0.0000814346847946
-0.0036473814970872
-0.0001850398148289
-0.0000906437947066
-0.0031564884276616
-0.0009450436222789
-0.0012430260231637
-0.0003490996454403
-0.0003272353294861
-0.0007721831058465
-0.0016981641243543
-0.0075788228463320
0.0000000000000000
-0.0009008154046359
-0.0015494150031028
-0.0035599135598421
-0.0019927929508707
0.0000000000000000
-0.0022755205530931
-0.0024620981907892
-0.0007568752428373
-0.0068101523692867
-0.0000190908300279
-0.0087719634778960
0.0000000000000000
-0.0004841812961125
0.0000000000000000
-0.0000276230554661
-0.0022061818174031
-0.0099227487263978
-0.0013806823578459
-0.0024453175452912
-0.0020770535246184
-0.0030144606160745
-0.0003626995875532
0.0000000000000000
0.0000000000000000
-0.0074257366264074
-0.0036081111261810
0.0000000000000000
-0.0057861981296652
0.0000000000000000
0.0000000000000000
0.0000000000000000
-0.0097468782089116
-0.0007092505628421
-0.0020485033993412
-0.0006601567638445
-0.0055380446664923
-0.0027955065241345
-0.0010430107885870
0.0000000000000000
-0.0042905031227214
-0.0009401392510089
-0.0037981982729622
0.0000000000000000
-0.0006625739430461
-0.0006812213925222
-0.0013299539495959
-0.0004565154942968
0.0000000000000000
-0.0051143089624190
-0.0020668576661365
0.0000000000000000
-0.0007529107258533
-0.0003601962561159
-0.0025257476658842
-0.0054808708254868
-0.0006972364663902
-0.0002016218954157
-0.0013443127165509
-0.0005967911558873
-0.0018899347091956
-0.0001207394338767
-0.0027117138634978
-0.0003231393260243
-0.0010154333948558
-0.0004557623830799
-0.0029404371363597
-0.0003102388729381
0.0000000000000000
0.0000000000000000
-0.0019478839729290
-0.0010361548631543
0.0000000000000000
-0.0003751034339903
-0.0036839993026980
-0.0001277593194899
-0.0006052310407192
0.0000000000000000
-0.0000056877809556
0.0000000000000000
-0.0021210145281838
0.0000000000000000
-0.0013773179221328
-0.0012253954188512
-0.0007635830814330
-0.0009890572309867
-0.0000770419563034
-0.0000013508912442
-0.0014246898290819
-0.0025517946931419
-0.0020522447848652
-0.0003135963497689
-0.0028632551447370
-0.0045893077245855
-0.0004377216421503
-0.0001850206228990
-0.0003205094982164
-0.0001340083303205
-0.0002771230668497
0.0000000000000000
-0.0046668799143816
-0.0001513062862655
-0.0001379087727162
-0.0008785216497014
0.0000000000000000
-0.0082384881691109
-0.0027135074167486
-0.0001513062862655
-0.0000830691113203
-0.0039256490541888
0.0000000000000000
-0.0005144413512266
-0.0000487924481369
-0.0008477387933725
-0.0036734657498698
-0.0023545380318248
-0.0004419723169278
-0.0000002921215083
-0.0014857277593041
-0.0019426906760582
-0.0033930815432903
-0.0000813195019340
-0.0035836329691037
-0.0002779568888238
-0.0015062315122432
-0.0002779568888238
-0.0000376300456377
-0.0019004649087115
-0.0030761559386754
0.0000000000000000
0.0000000000000000
-0.0007357750130961
-0.0009760592800374
-0.0006804056898098
-0.0072691118546242
-0.0050378518752652
-0.0009572864099585
-0.0002054254528661
-0.0057133760939845
-0.0007768536320327
-0.0048253345904907
0.0000000000000000
-0.0006428913029728
0.0000000000000000
-0.0036206079475818
-0.0003047670370737
-0.0070078270256797
-0.0005197835012005
-0.0062310282881040
-0.0000003023160495
-0.0007050386138143
-0.0005171244783604
-0.0001680040951175
-0.0038175628497479
-0.0009308513046724
-0.0027369894216456
0.0000000000000000
-0.0032956439450782
-0.0004004121571253
0.0000000000000000
0.0000000000000000
-0.0031320991689467
-0.0001997063079209
0.0000000000000000
0.0000000000000000
0.0000000000000000
-0.0000143249128453
0.0000000000000000
-0.0007460456712014
-0.0005885202079483
-0.0020522746001959
-0.0000921262738380
-0.0034196522851788
-0.0016632000029180
-0.0006154434997132
-0.0026245570966026
-0.0015805776243090
-0.0010296259501086
-0.0001622786584488
-0.0001234523410893
-0.0065355953842534
-0.0003128357296491
-0.0000291714514438
-0.0001909661579305
-0.0000980905719210
-0.0000426937009124
-0.0007813952442461
-0.0008031417232441
-0.0008031417232441
-0.0021488995910470
-0.0008031417232441
-0.0035306990798922
-0.0055544037158723
0.0000000000000000
-0.0016302354514028
-0.0007639911923558
0.0000000000000000
-0.0007639911923558
0.0000000000000000
0.0000000000000000
-0.0003353513636100
-0.0010444452168397
-0.0000342311200754
-0.0002279367164082
-0.0006619616442904
-0.0028003832292693
0.0000000000000000
0.0000000000000000
0.0000000000000000
0.0000000000000000
-0.0082701516691319
-0.0216583518253515
0.0000000000000000
-0.0002053443036338
-0.0029485721385836
-0.0001732653288693
-0.0001732653288693
-0.0012295196336876
-0.0003645350817196
-0.0049511303794763
-0.0000693019964721
-0.0001268030750499
-0.0044675506565808
-0.0012060534035339
-0.0033146778682838
-0.0007723009325868
-0.0009279152314265
-0.0010677794566085
-0.0027114253530716
0.0000000000000000
0.0000000000000000
-0.0125768594110198
-0.0002406863837159
-0.0005039795174557
-0.0002291112983670
-0.0004291018197478
-0.0004438880644715
-0.0003351571541739
-0.0000723874119117
-0.0004291018197478
-0.0004685726142899
-0.0020052571340603
-0.0026292095795011
-0.0005327404368263
0.0000000000000000
-0.0009067394579132
-0.0009067394579132
-0.0057466874804470
0.0000000000000000
0.0000000000000000
-0.0000813622225575
-0.0011161248030334
-0.0011254079579981
-0.0039348526951173
0.0000000000000000
-0.0031028361316778
-0.0001963495665480
0.0000000000000000
-0.0057596585207706
0.0000000000000000
0.0000000000000000
0.0000000000000000
-0.0000046624288759
-0.0006134667145297
-0.0010385657700862
-0.0005289338693739
0.0000000000000000
-0.0032665295108423
0.0000000000000000
-0.0004789944496206
-0.0001053844709453
-0.0006392460940372
-0.0005642771692074
0.0000000000000000
-0.0045762400446723
-0.0010174205512739
-0.0049296551281879
-0.0042818673820726
-0.0097569977341276
0.0000000000000000
-0.0015779102434266
0.0000000000000000
-0.0002817913418625
-0.0003504033432975
-0.0037884356009066
-0.0004572212117271
0.0000000000000000
-0.0031070416192653
0.0000000000000000
0.0000000000000000
-0.0044632388357240
0.0000000000000000
0.0000000000000000
0.0000000000000000
0.0000000000000000
0.0000000000000000
-0.0009742914915032
-0.0010856002318400
-0.0003249798991947
-0.0038126295747718
0.0000000000000000
-0.0009102653027062
-0.0013815792127492
-0.0052835350603520
-0.0014473851381318
0.0000000000000000
0.0000000000000000
0.0000000000000000
0.0000000000000000
-0.0077055085755884
-0.0001326848043623
0.0000000000000000
-0.0005761431125606
-0.0001009647536474
-0.0008477625637369
-0.0043442770249253
-0.0034012238042820
-0.0010344644466924
0.0000000000000000
-0.0033632658095986
0.0000000000000000
-0.0044950455908719
-0.0000765621165479
-0.0005489655082584
-0.0239515415483575
-0.0007235342511258
-0.0036468730890400
-0.0001778195976438
0.0000000000000000
-0.0040140304667853
-0.0034094967315239
-0.0013291730358072
-0.0027855835227513
-0.0024958663375649
-0.0024354970473963
-0.0002417377675119
-0.0007683745284313
-0.0000546125082517
-0.0033645071300050
-0.0023088926608787
-0.0018105101286423
0.0000000000000000
0.0000000000000000
0.0000000000000000
0.0000000000000000
-0.0007334223653421
-0.0001644744595275
-0.0036108129123473
-0.0000656374642718
0.0000000000000000
0.0000000000000000
0.0000000000000000
0.0000000000000000
-0.0006149219547629
-0.0006149219547629
-0.0035166397009441
0.0000000000000000
-0.0003827698813650
-0.0009737882207315
0.0000000000000000
-0.0009737882207315
-0.0067753508199448
-0.0002991437557878
-0.0044646000337218
-0.0005690001637753
-0.0098164412122985
-0.0042838141669641
-0.0009568638331210
-0.0002303637503118
-0.0027159664774947
-0.0000561597681745
-0.0003607153414507
-0.0004458019346369
-0.0000836178086177
-0.0005691781085062
-0.0005087329309958
0.0000000000000000
-0.0001826557370492
-0.0001551567988702
-0.0001826557370492
0.0000000000000000
-0.0048050379045641
0.0000000000000000
-0.0027811030491796
-0.0003024216914591
0.0000000000000000
0.0000000000000000
0.0000000000000000
-0.0001578631539347
-0.0047348088871484
0.0000000000000000
0.0000000000000000
-0.0000922555368241
-0.0008202633196515
-0.0061196755620188
-0.0001934448523429
-0.0030887595418623
-0.0013372341870532
-0.0005748129580301
-0.0047010240619301
-0.0046527667295475
-0.0020642815940546
0.0000000000000000
-0.0045183023697826
-0.0011809061545378
-0.0023131992860055
-0.0005903235621734
0.0000000000000000
0.0000000000000000
-0.0005995306722610
-0.0001178781445770
-0.0016207137296469
-0.0015181003079370
-0.0003414795793235
-0.0003937570976511
-0.0007986182066801
0.0000000000000000
0.0000000000000000
-0.0001236500671062
0.0000000000000000
-0.0000474422082322
-0.0003539159656771
-0.0000095428376916
-0.0003811566892349
-0.0057234174409793
-0.0008614227422523
0.0000000000000000
0.0000000000000000
-0.0003347302607377
0.0000000000000000
-0.0007981790013831
-0.0003737807088999
0.0000000000000000
-0.0007516847551212
0.0000000000000000
-0.0020736258837690
-0.0004168319491153
-0.0012203039412721
-0.0004168319491153
-0.0001301647873699
-0.0002245631371913
-0.0020324923873876
-0.0005421764105149
-0.0017579173077520
-0.0002825597362710
-0.0021497124067889
-0.0035020234605190
0.0000000000000000
-0.0015188706850342
-0.0021813332676572
-0.0034006251079637
-0.0017154667925841
-0.0043299853722987
-0.0046557776888028
-0.0016663141508335
0.0000000000000000
-0.0000065672219431
-0.0037506608490681
-0.0025585271352710
-0.0019486505924373
0.0000000000000000
-0.0009618742913347
0.0000000000000000
-0.0006317133203479
-0.0036492940599189
-0.0004085538881986
-0.0012180574474039
-0.0011451716945245
-0.0025227792109517
-0.0004232291714743
0.0000000000000000
0.0000000000000000
-0.0077202012582731
-0.0004829008769143
-0.0000972074105832
-0.0115728761511829
-0.0005424931250122
-0.0001224288209922
-0.0018786139373272
-0.0006250627141196
0.0000000000000000
-0.0056885405170970
0.0000000000000000
-0.0043667473292768
0.0000000000000000
-0.0077155199799890
-0.0012583798349208
-0.0009753316581591
-0.0002376542266287
-0.0011232884976558
-0.0004788403827494
0.0000000000000000
-0.0009474826264677
-0.0008231088572161
-0.0001252698230614
-0.0002531185812389
-0.0030411198339975
-0.0006271301268237
-0.0001232125424817
-0.0035687565399405
-0.0000505569450429
-0.0013328213282460
0.0000000000000000
0.0000000000000000
0.0000000000000000
-0.0029895589089080
-0.0001168045457289
-0.0008490844271698
-0.0009152054553034
-0.0066484949361474
-0.0104675102712086
0.0000000000000000
0.0000000000000000
-0.0022778453356480
0.0000000000000000
-0.0043091474069534
-0.0004066999625891
-0.0003494414222622
0.0000000000000000
-0.0011294395755339
-0.0009429459661199
0.0000000000000000
-0.0009581596960579
-0.0007548705691427
-0.0059286061742139
-0.0049537185038693
-0.0034009671968107
-0.0012019269359804
-0.0009860427959385
-0.0023535411909243
-0.0006548550951777
-0.0000703924711480
0.0000000000000000
-0.0012944512797564
-0.0050565961273499
-0.0003323857545965
-0.0000019893890881
-0.0000072584872042
-0.0001323381434375
-0.0000175856179299
-0.0003871901242150
-0.0000353639857895
-0.0010555585947838
-0.0044040325330981
-0.0014470937686903
-0.0000688181441308
-0.0014240794394063
0.0000000000000000
0.0000000000000000
0.0000000000000000
-0.0000500871026112
0.0000000000000000
-0.0007260359957098
-0.0110839341859812
-0.0007411587810831
-0.0000265347236601
-0.0001090660311469
-0.0000265347236601
-0.0052286460010009
-0.0000173646901178
-0.0000080923468460
-0.0009767133979643
-0.0005624078143640
-0.0016674513907660
-0.0010931818046327
-0.0002106353738505
-0.0003719183238111
-0.0009078353051279
0.0000000000000000
-0.0001841897426207
-0.0002259892863652
-0.0003110771909132
-0.0001160862728415
0.0000000000000000
0.0000000000000000
-0.0008940919954536
0.0000000000000000
0.0000000000000000
-0.0002573201921345
-0.0003611251555906
-0.0014694852962105
-0.0011212307251798
-0.0006502116223697
-0.0016739591375785
0.0000000000000000
-0.0005392809204565
-0.0007801678842201
-0.0000242492731042
-0.0004750306762915
-0.0003031266869691
-0.0006587808030218
-0.0009866139347032
-0.0004266169879354
-0.0000224558629256
-0.0000242492731042
-0.0002680979612588
-0.0002991417017988
-0.0042633446689191
-0.0032263623548401
-0.0019379016118215
0.0000000000000000
0.0000000000000000
-0.0033016347183077
-0.0002732033535153
0.0000000000000000
-0.0026837786008311
-0.0004763761100959
-0.0006739210091133
-0.0007949478963738
-0.0002822550583312
-0.0001611220618205
-0.0000269367481369
0.0000000000000000
-0.0003887375680467
-0.0001730296269109
0.0000000000000000
-0.0004406404515125
0.0000000000000000
0.0000000000000000
-0.0035277381775281
-0.0038572833551580
-0.0043719712711683
-0.0029826156360020
-0.0025433723433146
-0.0012071935469589
-0.0001727949763985
-0.0009564912368578
-0.0004536595564399
-0.0006450477000639
-0.0000353429256421
-0.0015669866875090
-0.0014449284674427
-0.0004024517428505
-0.0021443848482754
0.0000000000000000
-0.0002733027387594
0.0000000000000000
-0.0004554039659990
-0.0004917939000677
-0.0010663937151500
-0.0036963497459830
-0.0041660150823599
0.0000000000000000
-0.0000324229005990
0.0000000000000000
-0.0001216846309591
-0.0001216846309591
-0.0003838414205504
0.0000000000000000
0.0000000000000000
-0.0036521065561805
0.0000000000000000
-0.0024792903449011
-0.0002500810485522
0.0000000000000000
-0.0000425194874154
-0.0020343685517270
-0.0001023351828460
-0.0005085736232529
-0.0011153530787240
-0.0006470443473106
-0.0001735748732123
0.0000000000000000
0.0000000000000000
0.0000000000000000
0.0000000000000000
-0.0115895374508774
-0.0031747494694550
0.0000000000000000
-0.0035397411387832
-0.0013021025808593
0.0000000000000000
-0.0003440204837526
-0.0017130687555520
-0.0011547547457837
-0.0013804022315718
0.0000000000000000
-0.0035449485188757
-0.0031051012815269
-0.0001973393652213
-0.0005375014184272
-0.0039961657107188
-0.0000675992592978
0.0000000000000000
-0.0000021682557936
-0.0002776115714109
-0.0002146666877705
-0.0010249796482391
-0.0023857421230318
0.0000000000000000
0.0000000000000000
0.0000000000000000
-0.0046895532705786
-0.0000560551101128
-0.0004919165405974
-0.0013006316916782
-0.0038024937354919
-0.0000771035636715
-0.0032399787259800
-0.0000304344206778
-0.0018429072697241
-0.0015891191682993
-0.0005590743894155
-0.0005322655376307
-0.0005177430577694
-0.0001938275294187
-0.0000240294609632
-0.0036121226218420
-0.0005134450718733
0.0000000000000000
-0.0002205948159339
-0.0002205948159339
-0.0016116099155399
-0.0001429930356931
-0.0001063401779522
-0.0027809671094090
-0.0001231986768024
-0.0025535172834683
-0.0009018320641632
-0.0024559357320140
-0.0009091780526962
-0.0012511112842430
-0.0015600593851408
0.0000000000000000
0.0000000000000000
0.0000000000000000
-0.0012383164752521
-0.0030419790411536
-0.0057310602191967
0.0000000000000000
-0.0013522618592479
-0.0013522618592479
-0.0010340989298818
0.0000000000000000
-0.0001278103865285
-0.0003568997318748
0.0000000000000000
0.0000000000000000
-0.0080829774659232
-0.0015198725780454
0.0000000000000000
0.0000000000000000
0.0000000000000000
0.0000000000000000
-0.0017854871514533
-0.0009684614707393
-0.0004564472330202
-0.0000051066710478
0.0000000000000000
-0.0005058203384181
-0.0037887329059973
-0.0001203529779996
-0.0022555233679551
0.0000000000000000
-0.0027309752450613
-0.0025470107022496
-0.0000061767201647
-0.0001188961608136
-0.0000022417093666
-0.0006872467538113
-0.0014966406559740
0.0000000000000000
0.0000000000000000
-0.0028589783954045
-0.0009626382168815
-0.0007735362153696
-0.0008264963075266
0.0000000000000000
-0.0035565407450804
-0.0002123420622731
-0.0021797508417105
-0.0000378503007745
-0.0000215799112997
-0.0004026093847109
-0.0001895080900596
-0.0029675367494431
-0.0040576913349151
-0.0001673180201927
-0.0015047178866174
-0.0015808659031871
-0.0002953644271857
-0.0038001507317187
-0.0031582679704085
0.0000000000000000
-0.0060529914177980
-0.0006489993376366
0.0000000000000000
-0.0001475872141992
0.0000000000000000
0.0000000000000000
-0.0001505128582711
-0.0000377508631360
-0.0047227865488670
-0.0005489635741789
0.0000000000000000
-0.0007073731802452
0.0000000000000000
-0.0008083564987036
-0.0032662501699425
0.0000000000000000
0.0000000000000000
0.0000000000000000
-0.0012157425031862
-0.0000004465082926
-0.0049119299290776
0.0000000000000000
-0.0000618344291681
-0.0003521808426470
-0.0017570058925003
-0.0014247212280001
-0.0030028541525642
-0.0010155766378706
-0.0000828288506298
-0.0013140427620808
-0.0004468038206689
-0.0020827128055565
-0.0014758398763748
-0.0023077252976158
-0.0003272147411026
0.0000000000000000
-0.0002068374191797
-0.0001229610680351
0.0000000000000000
-0.0000301326933760
-0.0000301368575633
-0.0000368513006253
-0.0011706133216149
-0.0001254111381677
-0.0018806426496907
0.0000000000000000
0.0000000000000000
-0.0000271833100758
-0.0081285649437568
0.0000000000000000
-0.0024373511454172
0.0000000000000000
-0.0003816781826202
-0.0076860650152923
-0.0083717677712514
-0.0031835650521073
-0.0003485068041034
-0.0014839346123576
0.0000000000000000
-0.0007092221317784
-0.0005589986316377
-0.0048453760303087
-0.0011120897331685
0.0000000000000000
0.0000000000000000
-0.0166761497818566
0.0000000000000000
0.0000000000000000
0.0000000000000000
-0.0018354155404250
-0.0014958412063155
-0.0002880532649447
-0.0025472366362083
-0.0009230903720745
-0.0038197308233485
0.0000000000000000
-0.0003217333389873
-0.0001344097426923
-0.0033468984250078
0.0000000000000000
-0.0002250859123087
-0.0015497781965834
-0.0003664316323437
-0.0001818887035547
-0.0000991685502418
-0.0003828747350330
-0.0001247514995164
-0.0001877011545801
-0.0008668905924853
-0.0011412392849497
-0.0000413774218648
-0.0012416328983740
-0.0008376486241790
-0.0054878533270104
-0.0031596503221110
-0.0059024621810124
-0.0038526889762664
0.0000000000000000
-0.0004953572695783
0.0000000000000000
-0.0005289165851377
0.0000000000000000
-0.0012003370446827
0.0000000000000000
-0.0055460380534713
-0.0003411120297585
-0.0030242844142876
-0.0017157146741722
-0.0001883189499807
-0.0044556953842001
-0.0121080425342646
-0.0024809990347565
0.0000000000000000
-0.0047477551369859
-0.0003315858220727
0.0000000000000000
-0.0005017165377526
-0.0007340381324221
-0.0006595048401650
-0.0016288342856861
-0.0004358678856908
-0.0005630436168360
-0.0008466708047408
-0.0001751427390531
-0.0006195077310469
-0.0006636022177933
-0.0041297422739515
-0.0031036272982590
0.0000000000000000
0.0000000000000000
-0.0006371672032062
-0.0039363007463695
-0.0042650357060054
-0.0005710724670731
-0.0005821915379745
-0.0016273905231419
0.0000000000000000
-0.0017435884800419
-0.0016192856070614
-0.0005597140824074
-0.0043161536908132
0.0000000000000000
0.0000000000000000
-0.0001220237550124
0.0000000000000000
0.0000000000000000
-0.0002115289734803
-0.0011692091940132
-0.0001141665790705
0.0000000000000000
-0.0007078621461440
-0.0012840249796353
-0.0015917614121310
0.0000000000000000
-0.0017609654149560
-0.0009099324652997
-0.0019366051640173
-0.0003200711268221
-0.0011100600290828
-0.0008193262695766
-0.0009935286233951
-0.0012282581766803
-0.0027631262016738
-0.0029218076088400
-0.0006574920566296
-0.0004760854364587
-0.0003202017524471
-0.0003034819616277
-0.0026590036025285
-0.0012591924990915
0.0000000000000000
0.0000000000000000
0.0000000000000000
0.0000000000000000
-0.0027613030308480
0.0000000000000000
-0.0028296367468306
-0.0000795987250335
-0.0007827130133347
-0.0013689653236115
-0.0005722599374574
-0.0002033121394271
0.0000000000000000
-0.0005755003319807
-0.0003048974042166
-0.0036418461919983
0.0000000000000000
-0.0028445950990665
-0.0002169759112602
-0.0008853970191938
-0.0000500637965608
-0.0007002892276615
-0.0029892016605384
-0.0005005584966042
-0.0002057866473670
-0.0002502308668380
-0.0002319070350723
-0.0006617769853925
-0.0001593583609143
-0.0035011998017476
-0.0022056571606210
-0.0010099123229370
-0.0005483351064699
-0.0016068862303964
-0.0026794060351705
0.0000000000000000
-0.0002152444835755
-0.0006879829675537
-0.0001366003492382
-0.0000597687416715
0.0000000000000000
0.0000000000000000
-0.0025056666684087
-0.0003967317033924
-0.0011787058623476
-0.0006511570640022
0.0000000000000000
0.0000000000000000
-0.0007358729251159
0.0000000000000000
-0.0039721014832086
0.0000000000000000
0.0000000000000000
-0.0042387009048301
0.0000000000000000
-0.0002874934792203
-0.0004186637179169
-0.0004934881107852
-0.0000184531441656
-0.0031473844787877
-0.0003451367600071
-0.0003451367600071
-0.0031735104309618
0.0000000000000000
0.0000000000000000
0.0000000000000000
-0.0000546125082517
-0.0006658096804513
0.0000000000000000
0.0000000000000000
-0.0023958295469280
0.0000000000000000
0.0000000000000000
-0.0001840322365707
-0.0058471263542774
0.0000000000000000
-0.0007946178200058
-0.0007235425177674
-0.0003951673030365
0.0000000000000000
-0.0036109160924349
0.0000000000000000
-0.0003445904747323
-0.0009320433033944
-0.0006725568061716
-0.0023507361074495
-0.0042193944283149
0.0000000000000000
0.0000000000000000
0.0000000000000000
-0.0003449358881635
-0.0006201835546085
-0.0003476384589387
-0.0011059034396643
0.0000000000000000
0.0000000000000000
-0.0003597169852148
-0.0007579203427293
-0.0001341771790253
0.0000000000000000
-0.0027968801397975
-0.0007381046427160
-0.0037670330873087
-0.0014338395302769
-0.0007381046427160
-0.0000997069131401
-0.0006206481068531
0.0000000000000000
0.0000000000000000
-0.0002067799922614
-0.0004454204747217
-0.0002410959705621
-0.0011938038790476
-0.0005052439984503
-0.0001949482500958
-0.0025063128692988
0.0000000000000000
0.0000000000000000
-0.0003963744741204
0.0000000000000000
-0.0049687954341149
-0.0007517983281051
-0.0016907552448586
-0.0001747137065431
-0.0035699496057013
-0.0017867003178287
-0.0000377457044332
-0.0071419611674735
-0.0030860443728855
-0.0030860443728855
-0.0030505923477051
-0.0000766160276200
-0.0000771035636715
-0.0000771035636715
0.0000000000000000
0.0000000000000000
-0.0000017032671531
0.0000000000000000
0.0000000000000000
0.0000000000000000
-0.0015188959830414
0.0000000000000000
-0.0015188959830414
0.0000000000000000
-0.0000285629836849
-0.0008531911845022
-0.0010816856497904
0.0000000000000000
0.0000000000000000
-0.0002152192230724
-0.0005245783611842
-0.0025257062850397
-0.0003546203589737
-0.0091433323928127
0.0000000000000000
0.0000000000000000
-0.0031786964457314
0.0000000000000000
0.0000000000000000
-0.0008037580698996
-0.0003398763524087
-0.0009866554988296
-0.0002624965008664
-0.0002874934791794
0.0000000000000000
-0.0024142676353964
-0.0002874934790897
-0.0038885637586556
-0.0000423456335135
-0.0002020586845610
-0.0000289370289632
-0.0001073526245747
-0.0000041828000050
0.0000000000000000
0.0000000000000000
-0.0006867253499117
-0.0005907041667061
-0.0009733979955895
-0.0011491735118545
-0.0005896443980919
-0.0000162848937091
0.0000000000000000
0.0000000000000000
0.0000000000000000
-0.0006880012593040
-0.0121515735258750
0.0000000000000000
0.0000000000000000
0.0000000000000000
-0.0067481345842539
-0.0036984033277516
0.0000000000000000
-0.0059220332293810
0.0000000000000000
-0.0009691736706037
0.0000000000000000
0.0000000000000000
-0.0006756412441487
0.0000000000000000
0.0000000000000000
-0.0050649282831561
0.0000000000000000
-0.0013218727146977
-0.0026127235800217
-0.0013222847053749
-0.0022683655229514
-0.0000377457044332
-0.0011868894973261
-0.0001238652351123
-0.0023150733521762
-0.0027410552678733
-0.0000836083410674
0.0000000000000000
0.0000000000000000
0.0000000000000000
-0.0072568430685065
-0.0003948637958997
-0.0001025651421305
-0.0003915604527851
-0.0006855940510393
-0.0006398827054088
-0.0052648246407170
0.0000000000000000
-0.0039476661847280
-0.0046948918882492
-0.0004888338122271
-0.0013694838785945
-0.0012627047914737
-0.0004872403626823
-0.0005112383130692
0.0000000000000000
0.0000000000000000
0.0000000000000000
-0.0030583149366255
-0.0005295031759456
-0.0014441455573149
-0.0079723028133758
0.0000000000000000
-0.0004213048184880
-0.0002534772143328
-0.0004281660955776
-0.0043240884465190
0.0000000000000000
-0.0037161117554882
-0.0015449384214703
-0.0010653676939443
-0.0037549174417517
-0.0008523972501493
-0.0002887697895746
0.0000000000000000
0.0000000000000000
-0.0001487308318779
-0.0001487308318779
-0.0007414226226885
-0.0000615913074755
0.0000000000000000
-0.0013570911499787
0.0000000000000000
-0.0034880137283260
0.0000000000000000
0.0000000000000000
-0.0018784865700781
0.0000000000000000
-0.0028778875834998
-0.0010555559300229
-0.0005625466150869
-0.0003536734979441
-0.0005238997482095
-0.0000249747940142
0.0000000000000000
-0.0015187194191491
-0.0001895080900596
-0.0011800987647543
-0.0005096045083413
0.0000000000000000
0.0000000000000000
0.0000000000000000
-0.0001265383787388
-0.0005805396602563
-0.0052683802935940
-0.0008409311031246
-0.0004399405357223
-0.0000964580166096
-0.0004792524198889
0.0000000000000000
-0.0045836855119603
-0.0027578127075465
-0.0025835455243479
-0.0001329899590301
-0.0003139962727232
-0.0000607614258561
-0.0003873711105769
0.0000000000000000
0.0000000000000000
-0.0040474658385570
-0.0004098337870371
-0.0075293715847291
-0.0001495642047100
-0.0006808304422936
-0.0001254050747548
-0.0040566900863181
-0.0015011278511370
0.0000000000000000
0.0000000000000000
-0.0020636983865927
-0.0020111565344854
0.0000000000000000
-0.0024643186268589
0.0000000000000000
-0.0044696325050868
0.0000000000000000
0.0000000000000000
0.0000000000000000
-0.0006038510933593
-0.0006998985297910
-0.0019086854354935
-0.0014825543756860
-0.0002017962186152
0.0000000000000000
-0.0006269011872497
-0.0002152192230724
0.0000000000000000
-0.0008329475920146
-0.0079551229962114
0.0000000000000000
-0.0022858080028261
0.0000000000000000
-0.0039715859520904
0.0000000000000000
-0.0058122745416975
0.0000000000000000
0.0000000000000000
-0.0000446397341580
-0.0000013508912442
-0.0000736752198520
-0.0021315507183921
-0.0003734304614476
-0.0001734397948212
-0.0000311788978564
-0.0012329280340495
0.0000000000000000
0.0000000000000000
0.0000000000000000
-0.0027817056760702
-0.0002846492395756
-0.0012259813525102
-0.0016178674006486
-0.0036039745845198
-0.0008790398163843
-0.0003724609620157
-0.0000091144152510
-0.0053270916636512
-0.0005791780882776
-0.0022627442769929
0.0000000000000000
0.0000000000000000
-0.0110962861228998
0.0000000000000000
-0.0051412944181326
0.0000000000000000
-0.0016225815891682
-0.0001903609393414
-0.0002497251279658
-0.0004153028449467
-0.0001903609393414
-0.0001200404306729
-0.0001200404306729
-0.0010596406420849
-0.0017874929061943
-0.0036373744872735
-0.0011419004452344
-0.0000632667212077
-0.0000632667212077
-0.0011328508632751
-0.0003361596042222
0.0000000000000000
-0.0040252883990730
-0.0012867332997333
-0.0000218437019459
-0.0038106915440164
-0.0002267629598354
0.0000000000000000
-0.0004182233450223
-0.0004931215421351
0.0000000000000000
0.0000000000000000
-0.0003693930308648
0.0000000000000000
-0.0034984228207042
0.0000000000000000
-0.0000399702392491
0.0000000000000000
0.0000000000000000
-0.0030087653927495
-0.0085880171310837
-0.0013012376844923
-0.0033855938461596
0.0000000000000000
-0.0038819349606705
-0.0007561787912227
-0.0005457579865444
0.0000000000000000
-0.0021192944995381
0.0000000000000000
-0.0026284070133880
-0.0059053291759685
-0.0019559010877828
-0.0007143672270784
-0.0007850590367884
-0.0011849216396875
-0.0005589176158161
-0.0009006301334153
-0.0005311305682527
-0.0033533608908023
-0.0001863001649882
-0.0004856370007404
-0.0028647939515647
-0.0000653980389727
-0.0013885012585257
-0.0001794331133684
-0.0017208311000649
0.0000000000000000
-0.0003600690182743
-0.0004862531258212
-0.0039623774885937
-0.0000486597475895
-0.0002619399208879
0.0000000000000000
-0.0020644370552771
-0.0062581346081041
0.0000000000000000
0.0000000000000000
-0.0003612186663791
-0.0070914109613600
-0.0000157801737615
-0.0002482140647428
-0.0006741167188373
-0.0017381416824556
0.0000000000000000
-0.0001616726811946
-0.0000000807576033
-0.0030679215085625
-0.0029097980920332
0.0000000000000000
0.0000000000000000
-0.0001168453014824
0.0000000000000000
-0.0020892843557059
0.0000000000000000
-0.0011948347917254
-0.0005897053076307
-0.0001608948904614
-0.0055852638072054
0.0000000000000000
-0.0000257191634043
-0.0026120310470255
0.0000000000000000
-0.0016021845256091
-0.0013955271674444
-0.0040068408917664
-0.0021532191691698
0.0000000000000000
-0.0008878599759647
-0.0012615415189412
-0.0001615418845615
-0.0000445838419072
-0.0046907691115088
-0.0001406056716009
-0.0015411734534165
-0.0032682208764268
-0.0003793911891687
0.0000000000000000
-0.0000119322568821
-0.0002368716496131
-0.0006520219500459
-0.0052830778797883
0.0000000000000000
0.0000000000000000
0.0000000000000000
-0.0040815732240036
0.0000000000000000
-0.0001087776264219
-0.0006357088894973
-0.0007553574254899
-0.0004017924498783
0.0000000000000000
0.0000000000000000
-0.0001988717939554
-0.0010274744870591
-0.0011355026023088
-0.0072210210345238
-0.0010436099219788
-0.0027700241787780
0.0000000000000000
0.0000000000000000
0.0000000000000000
-0.0004277869952212
-0.0000797085805093
-0.0056283635428844
-0.0034198941837094
-0.0006605890698417
0.0000000000000000
0.0000000000000000
-0.0004566368476242
-0.0024138347114766
-0.0001404438976040
-0.0022562741039973
0.0000000000000000
0.0000000000000000
-0.0011794936387215
-0.0085428783329728
0.0000000000000000
-0.0030315633552647
0.0000000000000000
-0.0053036351050002
-0.0041373065338277
-0.0045842888520422
-0.0046204866550124
0.0000000000000000
-0.0012491960750474
-0.0004042067719618
-0.0017790106869375
0.0000000000000000
-0.0031800859277826
-0.0026165489219006
-0.0038844692273559
-0.0002818297196079
-0.0001273891394193
-0.0021299740190752
-0.0033839669425291
0.0000000000000000
-0.0025311262677068
0.0000000000000000
-0.0005616993769157
0.0000000000000000
-0.0038282257901523
0.0000000000000000
-0.0005582004551421
0.0000000000000000
0.0000000000000000
0.0000000000000000
-0.0010454926350763
-0.0018700316928824
-0.0010266237998620
0.0000000000000000
-0.0018911747005905
-0.0011475469211160
-0.0004454521109434
-0.0012372674678849
-0.0012889593800569
-0.0027969400467303
0.0000000000000000
-0.0010912430830974
-0.0045210920663141
-0.0015585528912814
-0.0005929346903644
-0.0011317614701278
0.0000000000000000
-0.0003289809338840
-0.0003683235412719
-0.0017420669283732
-0.0000121937014477
0.0000000000000000
-0.0000351829629821
-0.0051562513659507
-0.0044332597549470
0.0000000000000000
-0.0041073104894611
0.0000000000000000
0.0000000000000000
-0.0022440536977157
-0.0013800963027659
-0.0001963109703933
-0.0001884785583250
0.0000000000000000
-0.0007282624323475
-0.0013450547252720
0.0000000000000000
-0.0034214117093274
-0.0032770351180469
-0.0004974691894706
-0.0002424952065248
0.0000000000000000
-0.0004823443704183
-0.0012244640824939
-0.0003642400108292
-0.0003481159008194
0.0000000000000000
-0.0059638738471488
-0.0026072694215120
-0.0006347307848333
0.0000000000000000
-0.0003936790545946
0.0000000000000000
0.0000000000000000
0.0000000000000000
-0.0003891830094673
-0.0002242664507985
-0.0004774556112839
-0.0000327580603026
-0.0002214633938529
-0.0005667493632799
0.0000000000000000
-0.0007761157854862
0.0000000000000000
-0.0019996409463268
0.0000000000000000
0.0000000000000000
-0.0015240021930065
-0.0001592501671350
-0.0018447972515361
-0.0029745591372530
-0.0042013342802800
-0.0001760547001286
-0.0011091905069280
-0.0060402737138983
-0.0001076308695058
-0.0000428438580586
-0.0000767301030100
0.0000000000000000
-0.0000233088455683
-0.0004451535085117
-0.0000003124049170
-0.0005061327364153
-0.0020921883335205
0.0000000000000000
-0.0005129013522414
-0.0003948199293031
-0.0010802395349998
0.0000000000000000
-0.0045680353021842
0.0000000000000000
0.0000000000000000
-0.0013490656092054
-0.0000726198287841
-0.0000670881140321
0.0000000000000000
-0.0004046970661520
-0.0005018377833892
-0.0000029291633243
-0.0004367074976148
-0.0005414273239168
-0.0010189255638942
0.0000000000000000
-0.0039543755743443
0.0000000000000000
0.0000000000000000
-0.0041660150823590
0.0000000000000000
0.0000000000000000
-0.0029557775870437
-0.0007175139827229
-0.0023999328581574
0.0000000000000000
-0.0022630028518300
0.0000000000000000
-0.0034528551385371
0.0000000000000000
-0.0023393738757500
-0.0002677721708677
-0.0005115035936907
0.0000000000000000
-0.0043407680295307
0.0000000000000000
-0.0004755180047784
-0.0005038970871505
-0.0039204811105655
0.0000000000000000
-0.0002219269117170
-0.0002219269117170
0.0000000000000000
0.0000000000000000
0.0000000000000000
-0.0005091077431008
-0.0004196756225792
-0.0001352953119707
0.0000000000000000
0.0000000000000000
0.0000000000000000
0.0000000000000000
-0.0056682890116484
0.0000000000000000
-0.0016626615021362
-0.0026591651105221
-0.0003783833800153
-0.0004097708684636
0.0000000000000000
0.0000000000000000
0.0000000000000000
-0.0029853338058405
-0.0009759141776469
-0.0000146336776243
-0.0000583830690566
-0.0000785988567582
0.0000000000000000
0.0000000000000000
0.0000000000000000
0.0000000000000000
-0.0043221170876251
0.0000000000000000
0.0000000000000000
-0.0038061959298421
-0.0003251135829405
-0.0007947767797880
-0.0056299413087251
-0.0005096383145187
-0.0001995032508457
-0.0037534537591100
0.0000000000000000
0.0000000000000000
0.0000000000000000
-0.0031049406661570
-0.0003940344000366
0.0000000000000000
0.0000000000000000
0.0000000000000000
-0.0040277042359849
-0.0010974749879251
-0.0011980545092012
-0.0008546733149650
-0.0000541657597228
-0.0007721471840707
0.0000000000000000
-0.0038282257901514
0.0000000000000000
0.0000000000000000
0.0000000000000000
0.0000000000000000
-0.0032351783182563
0.0000000000000000
0.0000000000000000
-0.0032934593287406
-0.0000690642644203
-0.0004091366135928
-0.0003364272335311
-0.0011632933028247
0.0000000000000000
0.0000000000000000
-0.0003715489310876
-0.0009593047168774
-0.0001845971906462
0.0000000000000000
0.0000000000000000
-0.0036768136166154
0.0000000000000000
0.0000000000000000
-0.0009522108903743
-0.0001397132067762
0.0000000000000000
-0.0027742246051981
0.0000000000000000
0.0000000000000000
0.0000000000000000
-0.0011471648411634
0.0000000000000000
-0.0001053472551185
-0.0046386219790886
0.0000000000000000
-0.0004900815102200
-0.0002224257464274
0.0000000000000000
-0.0028841937522550
-0.0005839512716381
-0.0013609566650175
-0.0004900815102200
0.0000000000000000
-0.0059372083911100
-0.0013891805780366
0.0000000000000000
-0.0003005064143640
-0.0016492201721601
0.0000000000000000
0.0000000000000000
0.0000000000000000
-0.0038492331254902
0.0000000000000000
-0.0007337145550625
0.0000000000000000
0.0000000000000000
-0.0001060700673303
-0.0009888444831372
0.0000000000000000
0.0000000000000000
0.0000000000000000
0.0000000000000000
0.0000000000000000
-0.0005859051692996
0.0000000000000000
-0.0002879739945287
-0.0007489976168982
-0.0001485508467178
-0.0005489184092902
-0.0005744678083586
-0.0000478571174343
0.0000000000000000
-0.0002725916751345
-0.0007938142229804
-0.0000885683048635
-0.0016739616824468
-0.0001077463989443
-0.0001794875468315
0.0000000000000000
0.0000000000000000
-0.0028478881417620
-0.0016881457380533
-0.0000140689025248
-0.0003820897303086
0.0000000000000000
0.0000000000000000
0.0000000000000000
0.0000000000000000
-0.0060200747421622
-0.0003652444049136
0.0000000000000000
-0.0000092429939711
0.0000000000000000
-0.0004344959566609
0.0000000000000000
-0.0020946483632152
-0.0001825469339138
-0.0002472616864768
0.0000000000000000
0.0000000000000000
-0.0001772803879510
-0.0001742587394276
-0.0000597547148811
-0.0003767564408932
0.0000000000000000
-0.0071068862623251
-0.0024737932328911
-0.0011026007811221
-0.0001964029934030
-0.0013491586742145
-0.0003425323381574
-0.0007409010058836
-0.0029475902128757
-0.0020970747179785
0.0000000000000000
-0.0003380652120306
0.0000000000000000
0.0000000000000000
0.0000000000000000
0.0000000000000000
0.0000000000000000
-0.0001118805826428
0.0000000000000000
-0.0001426537428539
-0.0011299795945510
-0.0003294816349673
-0.0000057419437161
-0.0004404918432934
0.0000000000000000
-0.0004351473282167
-0.0005560189522633
-0.0000388261317070
-0.0009515006796530
0.0000000000000000
-0.0021802862572438
0.0000000000000000
-0.0036196749913806
-0.0003780536245230
0.0000000000000000
-0.0000311200023653
-0.0009705771060151
-0.0008589202837843
0.0000000000000000
-0.0009370542035008
-0.0001053004258527
-0.0001053142632568
-0.0017660508253980
-0.0001128016880951
-0.0000944957482103
-0.0003015503207884
-0.0001209576330377
-0.0002647656872448
-0.0001374678741062
-0.0014703840098491
0.0000000000000000
-0.0009383858156307
-0.0022366946171415
0.0000000000000000
-0.0004390864268169
-0.0019342604457178
-0.0040924930737827
0.0000000000000000
0.0000000000000000
0.0000000000000000
-0.0008522721592232
-0.0006160496066476
0.0000000000000000
-0.0000027270893046
-0.0001832535776778
-0.0007117121362423
-0.0007475938660466
-0.0001416866054402
0.0000000000000000
-0.0015464814163213
-0.0020426372365119
0.0000000000000000
-0.0021813842155600
0.0000000000000000
0.0000000000000000
0.0000000000000000
0.0000000000000000
0.0000000000000000
-0.0001360554076832
0.0000000000000000
0.0000000000000000
-0.0013560356957729
-0.0000861305702129
0.0000000000000000
-0.0003925162541041
0.0000000000000000
-0.0000556009467214
0.0000000000000000
-0.0002059923956086
-0.0001384705357914
0.0000000000000000
0.0000000000000000
-0.0000000010203012
0.0000000000000000
0.0000000000000000
0.0000000000000000
-0.0000861610849707
0.0000000000000000
-0.0018012574183439
-0.0003960796325444
-0.0000203552003768
0.0000000000000000
-0.0006271301268237
0.0000000000000000
0.0000000000000000
0.0000000000000000
-0.0003163147382974
-0.0002123187470628
-0.0004387223006219
-0.0002613012389823
-0.0018091495136741
0.0000000000000000
-0.0001065373761477
-0.0001167156650013
0.0000000000000000
-0.0008235086526458
0.0000000000000000
0.0000000000000000
0.0000000000000000
-0.0000541466979049
-0.0000541466271962
-0.0000541811419588
0.0000000000000000
0.0000000000000000
0.0000000000000000
0.0000000000000000
0.0000000000000000
0.0000000000000000
-0.0015965616529785
-0.0004778694110730
0.0000000000000000
-0.0016451874021080
-0.0002082329623452
0.0000000000000000
0.0000000000000000
-0.0034881696653475
0.0000000000000000
-0.0032875475008538
0.0000000000000000
-0.0008608220033395
0.0000000000000000
0.0000000000000000
-0.0016972120659640
-0.0001448910138899
0.0000000000000000
0.0000000000000000
-0.0054210817924529
-0.0026082892598147
0.0000000000000000
0.0000000000000000
-0.0017948995789396
0.0000000000000000
-0.0000286253186044
0.0000000000000000
-0.0003631032866345
-0.0042169042191960
-0.0000828287785080
-0.0003053086088114
0.0000000000000000
0.0000000000000000
-0.0058803283342783
-0.0000569262099086
0.0000000000000000
-0.0000711505233841
-0.0005547149977749
-0.0004278261543220
-0.0011077507730066
-0.0015198329439414
-0.0005380904367716
-0.0005571353962264
0.0000000000000000
0.0000000000000000
0.0000000000000000
0.0000000000000000
-0.0012293267986223
-0.0018784865700781
0.0000000000000000
0.0000000000000000
0.0000000000000000
0.0000000000000000
0.0000000000000000
-0.0001074624795141
-0.0007075678602675
-0.0010311193551704
0.0000000000000000
-0.0004089130426834
-0.0011279041327850
-0.0005703971514430
0.0000000000000000
-0.0002991437557878
-0.0006453850923371
0.0000000000000000
-0.0025162102013416
-0.0000353639857895
-0.0042125184222250
-0.0001345955634360
-0.0003573014409994
-0.0018424311209682
-0.0001389946072159
-0.0004783243052042
-0.0000148371093207
-0.0002190945093474
0.0000000000000000
0.0000000000000000
-0.0027732737350075
0.0000000000000000
0.0000000000000000
0.0000000000000000
0.0000000000000000
0.0000000000000000
0.0000000000000000
0.0000000000000000
0.0000000000000000
0.0000000000000000
0.0000000000000000
-0.0000326572237865
0.0000000000000000
-0.0050463041641979
-0.0005622546741861
-0.0000870220578904
-0.0004055683209243
-0.0003778040266358
-0.0014884397292674
0.0000000000000000
0.0000000000000000
0.0000000000000000
-0.0007546558209661
-0.0002271786735655
0.0000000000000000
0.0000000000000000
0.0000000000000000
-0.0041073104894611
0.0000000000000000
0.0000000000000000
-0.0001343287247568
0.0000000000000000
0.0000000000000000
0.0000000000000000
-0.0002505028952875
-0.0002027221827188
-0.0001627642096622
0.0000000000000000
0.0000000000000000
-0.0001627642096622
-0.0006057228854317
0.0000000000000000
0.0000000000000000
0.0000000000000000
-0.0000117527521031
0.0000000000000000
-0.0002296377821862
-0.0002486518764053
-0.0002939767059615
0.0000000000000000
-0.0034061017151572
0.0000000000000000
-0.0034090460715941
0.0000000000000000
0.0000000000000000
0.0000000000000000
-0.0002201619259878
0.0000000000000000
0.0000000000000000
-0.0000532736175609
0.0000000000000000
-0.0033589768675295
0.0000000000000000
0.0000000000000000
-0.0002902042733623
0.0000000000000000
0.0000000000000000
0.0000000000000000
-0.0003892221293134
-0.0004109661587517
-0.0002281959066117
0.0000000000000000
0.0000000000000000
0.0000000000000000
-0.0000356096720786
-0.0000680500278989
-0.0000041643270841
-0.0003002641054319
-0.0023471115718516
0.0000000000000000
0.0000000000000000
0.0000000000000000
0.0000000000000000
0.0000000000000000
-0.0001084642281377
-0.0000405166737307
0.0000000000000000
0.0000000000000000
-0.0000326561615331
0.0000000000000000
0.0000000000000000
-0.0003231565616426
0.0000000000000000
-0.0000326318797175
-0.0047141853414603
0.0000000000000000
-0.0001774989272949
0.0000000000000000
-0.0009803692586967
0.0000000000000000
-0.0000065672219431
0.0000000000000000
-0.0016665182981415
-0.0008050393390420
-0.0014745079863285
0.0000000000000000
0.0000000000000000
0.0000000000000000
-0.0042805997422617
0.0000000000000000
0.0000000000000000
0.0000000000000000
-0.0003230077114136
-0.0000218437019459
0.0000000000000000
-0.0000353790998622
0.0000000000000000
-0.0016661199383945
-0.0007051523754162
0.0000000000000000
-0.0002091511746185
0.0000000000000000
-0.0039256370678409
-0.0035665279729615
0.0000000000000000
0.0000000000000000
-0.0015008300368047
-0.0001669940035729
0.0000000000000000
0.0000000000000000
0.0000000000000000
-0.0032826316534962
0.0000000000000000
0.0000000000000000
0.0000000000000000
0.0000000000000000
0.0000000000000000
0.0000000000000000
0.0000000000000000
0.0000000000000000
0.0000000000000000
0.0000000000000000
0.0000000000000000
-0.0004631258744894
0.0000000000000000
0.0000000000000000
0.0000000000000000
-0.0003218015990925
0.0000000000000000
-0.0051472088658109
0.0000000000000000
0.0000000000000000
0.0000000000000000
0.0000000000000000
0.0000000000000000
0.0000000000000000
0.0000000000000000
0.0000000000000000
0.0000000000000000
0.0000000000000000
0.0000000000000000
0.0000000000000000
0.0000000000000000
0.0000000000000000
0.0000000000000000
0.0000000000000000
0.0000000000000000
0.0000000000000000
-0.0002837397381734
-0.0004640983685356
0.0000000000000000
0.0000000000000000
0.0000000000000000
0.0000000000000000
0.0000000000000000
0.0000000000000000
0.0000000000000000
0.0000000000000000
0.0000000000000000
0.0000000000000000
0.0000000000000000
0.0000000000000000
0.0000000000000000
-0.0015043399478589
0.0000000000000000
-0.0015043399478589
0.0000000000000000
0.0000000000000000
0.0000000000000000
0.0000000000000000
0.0000000000000000
0.0000000000000000