-0.0005809246904906
-0.0026690608345223
-0.0037397195734572
0.0000000000000000
-0.0010460466668718
-0.0016462192367719
-0.0004212033015953
0.0000000000000000
-0.0014711974202957
0.0000000000000000
-0.0033642115586234
0.0000000000000000
-0.0002105831905830
-0.0000680023188071
-0.0005249907515417
0.0000000000000000
-0.0005198764870640
-0.0012189243122940
-0.0008123153801360
0.0000000000000000
-0.0035073570904345
-0.0002921779071698
-0.0011999276076704
0.0000000000000000
-0.0039471897155350
-0.0007116206216269
-0.0001329859928596
-0.0018052962219173
0.0000000000000000
-0.0000169673667747
-0.0015751357640408
0.0000000000000000
-0.0002378093047870
-0.0014596086766119
0.0000000000000000
0.0000000000000000
-0.0015786117085721
-0.0031529099963761
-0.0004680829579709
-0.0032112370889186
-0.0035648623832962
-0.0002211553660629
-0.0004829975831040
-0.0005363259584321
-0.0037162105738417
-0.0022509559548887
-0.0000845388523807
-0.0029936761517835
-0.0021965290101305
-0.0001415081010858
0.0000000000000000
-0.0014774047097479
-0.0010478976000030
-0.0000173183008876
-0.0001882705490734
-0.0024144381596933
-0.0001614378012942
0.0000000000000000
0.0000000000000000
-0.0037252203870732
-0.0019484811979860
-0.0012806534331578
0.0000000000000000
0.0000000000000000
-0.0001349136947670
-0.0034151366820439
0.0000000000000000
-0.0019589131011877
-0.0001149713685296
-0.0008160990423436
0.0000000000000000
-0.0075082852744712
0.0000000000000000
-0.0043170038271683
-0.0017113759636498
-0.0000114622856717
-0.0000900638598242
0.0000000000000000
-0.0022969612672723
-0.0048472665751707
-0.0005654489099243
-0.0007674653011360
-0.0005620319891513
-0.0004593215137856
-0.0000104081914678
-0.0042385892034886
-0.0002783054288109
-0.0012813268266259
-0.0148884874732786
-0.0028516088410520
-0.0007442482191413
-0.0013642140960055
0.0000000000000000
-0.0022125523185759
-0.0072251238891941
-0.0065314146943445
0.0000000000000000
0.0000000000000000
0.0000000000000000
-0.0015018282244768
-0.0002457053065141
-0.0002924881163882
-0.0018440591582376
-0.0006687505702949
-0.0019408854651877
-0.0001350718021049
0.0000000000000000
-0.0026966288043377
-0.0016183798230749
-0.0116897931979301
-0.0035599135598563
-0.0068101523692707
-0.0000276230554448
-0.0013806823578433
-0.0030144606160656
0.0000000000000000
-0.0036081111261481
0.0000000000000000
-0.0097468771743614
-0.0051143089622450
-0.0006972364662481
-0.0027117138634898
-0.0000016356427324
-0.0009771656865052
-0.0047066381919461
-0.0003751034338144
-0.0006052310407121
0.0000000000000000
-0.0021210145280239
-0.0007635830814312
-0.0007000946900817
-0.0000013195411963
-0.0020522447848350
-0.0015619976971539
0.0000000000000000
-0.0001513062862690
0.0000000000000000
-0.0001376949565000
-0.0000830691113149
-0.0009199807535012
-0.0008477387933565
-0.0004419723169402
-0.0019426906760316
-0.0000813195019367
-0.0002779568888229
-0.0015062315122609
-0.0007357750129486
-0.0002054254527879
-0.0048253345947193
-0.0003047670370746
-0.0005197835012023
-0.0005171244783542
-0.0006094795040550
-0.0000842070007305
-0.0027635555675083
-0.0012582748786762
-0.0012324444114338
-0.0020522746002074
-0.0002260093521649
-0.0006154434996413
-0.0015805776243125
-0.0000291714514287
-0.0006685060045690
0.0000000000000000
-0.0000426937009070
-0.0008031417232326
-0.0035306990798807
-0.0016303391228707
-0.0007640891988245
-0.0003353513634856
-0.0000342311200718
-0.0002279367160636
0.0000000000000000
-0.0002057922911778
-0.0012295196335650
-0.0032353587012048
-0.0001420587173744
-0.0007723009325780
0.0000000000000000
-0.0002406863837141
-0.0016632003349351
-0.0004685726142952
0.0000000000000000
-0.0009067394579141
0.0000000000000000
-0.0000813622225415
-0.0039348526949645
0.0000000000000000
-0.0000046624288785
-0.0010385657700347
-0.0032665295108432
-0.0004789944494608
0.0000000000000000
-0.0010174205512774
-0.0049296551281843
-0.0005901254182810
-0.0003504033432860
-0.0005039795174664
0.0000000000000000
0.0000000000000000
0.0000000000000000
-0.0049970046481871
-0.0009742914914970
-0.0009102653027044
0.0000000000000000
0.0000000000000000
0.0000000000000000
0.0000000000000000
0.0000000000000000
0.0000000000000000
-0.0057519270027999
-0.0007813952442248
0.0000000000000000
-0.0002779568888229
0.0000000000000000
-0.0000765621165346
-0.0005489655082629
-0.0007235342511382
-0.0040140304667720
-0.0000546123722769
-0.0023088926608814
0.0000000000000000
0.0000000000000000
-0.0007334223653448
-0.0000656374636367
0.0000000000000000
0.0000000000000000
0.0000000000000000
-0.0035166397007877
-0.0009737882205645
-0.0044646000337236
-0.0033146778681257
-0.0002303637499796
0.0000000000000000
-0.0005691781083392
0.0000000000000000
-0.0008094672605701
0.0000000000000000
0.0000000000000000
-0.0127107994661859
0.0000000000000000
0.0000000000000000
-0.0000922555368170
-0.0036468730890409
-0.0005748129580274
-0.0020642815940546
-0.0011809061544445
0.0000000000000000
-0.0005995306720994
-0.0003414795792338
0.0000000000000000
-0.0001236500670911
-0.0003811566892384
0.0000000000000000
0.0000000000000000
-0.0007092505627266
0.0000000000000000
-0.0008813428976779
-0.0016983512441069
0.0000000000000000
0.0000000000000000
-0.0004168319491029
-0.0001301647873690
-0.0002245631371904
-0.0005421764105149
0.0000000000000000
-0.0015188706850253
-0.0046557776888063
-0.0000065672195246
-0.0043195508934506
-0.0006317133203400
-0.0055544037158564
0.0000000000000000
0.0000000000000000
-0.0000972074105876
-0.0001224288209993
0.0000000000000000
-0.0010296259499984
0.0000000000000000
-0.0047762305286430
0.0000000000000000
-0.0020165035413822
-0.0005926173528765
-0.0006271301683212
-0.0000123011547615
-0.0000505569450553
-0.0000233827106548
0.0000000000000000
0.0000000000000000
-0.0001568947017816
-0.0008490844271698
0.0000000000000000
0.0000000000000000
0.0000000000000000
-0.0004066999624364
0.0000000000000000
0.0000000000000000
-0.0011161248030724
-0.0059286061742139
-0.0012019269359396
-0.0010796897134959
0.0000000000000000
-0.0012944512795912
-0.0000072584871953
-0.0012583798347645
-0.0000353681520062
-0.0268379227298912
0.0000000000000000
-0.0010555585947856
-0.0002573201920573
-0.0062310238469561
-0.0032355008481737
-0.0002732033533430
0.0000000000000000
-0.0004763761100905
-0.0006739210091364
-0.0035837523034914
0.0000000000000000
-0.0001231373185133
0.0000000000000000
-0.0038572833551607
-0.0019486505924275
0.0000000000000000
-0.0008104239398570
-0.0009564912368516
-0.0000353429256350
0.0000000000000000
-0.0014449284674587
-0.0009152054552919
-0.0044040325331114
-0.0002264443094901
-0.0004554039659181
-0.0058892565892563
-0.0043253124578575
-0.0001342687786021
-0.0000326236789494
0.0000000000000000
-0.0001216846309813
-0.0003838414204065
0.0000000000000000
0.0000000000000000
-0.0002500810485149
-0.0001023351828318
-0.0019379016118162
-0.0011153530785677
0.0000000000000000
0.0000000000000000
-0.0006953727725030
-0.0043719712711825
-0.0031747494694505
-0.0050565961273490
0.0000000000000000
-0.0006502116223217
-0.0010856002318400
-0.0011547547456221
0.0000000000000000
-0.0034012238042713
-0.0005375014184050
0.0000000000000000
-0.0000021682557891
-0.0002146666877652
0.0000000000000000
0.0000000000000000
0.0000000000000000
-0.0032956439450764
-0.0020736258837699
-0.0000771035636502
-0.0000304344206778
-0.0015891191683153
0.0000000000000000
-0.0013773179221248
-0.0027809671093921
-0.0024559357320086
-0.0001495029875667
-0.0072934340776776
-0.0013522646149582
-0.0018105101286370
-0.0003568997317149
0.0000000000000000
-0.0020668576661471
0.0000000000000000
-0.0006428913029559
-0.0001053844709320
-0.0003611251555853
-0.0000051066710469
-0.0002156025371018
-0.0005058203384083
-0.0027159664774903
-0.0020485033993358
-0.0006470443472892
0.0000000000000000
-0.0020225977954116
-0.0012253954188468
0.0000000000000000
-0.0002123420622890
-0.0001893663709662
-0.0001673180201323
-0.0015808659031880
-0.0031582679703970
-0.0004377216421343
0.0000000000000000
-0.0028305813053136
-0.0001475872141707
-0.0047227865472346
0.0000000000000000
-0.0012157425030139
-0.0045785040587791
-0.0000618344289816
-0.0007949478963862
-0.0003521808424995
-0.0000828288504504
-0.0020827128055476
0.0000000000000000
0.0000000000000000
0.0000000000000000
-0.0162464397849718
-0.0000368513005293
-0.0014470937686921
0.0000000000000000
0.0000000000000000
0.0000000000000000
-0.0001254111381623
0.0000000000000000
-0.0016005028578654
-0.0000271833100687
0.0000000000000000
-0.0002276976395148
0.0000000000000000
-0.0005590743893968
-0.0087362561007929
0.0000000000000000
0.0000000000000000
-0.0018354155404268
-0.0002880532649447
-0.0025472366361132
-0.0003217333388434
-0.0081285649437621
-0.0008665775758665
-0.0012416328983758
-0.0054878533270077
-0.0059024621808579
-0.0060905921092367
-0.0037884356008853
-0.0012003370447005
-0.0055460380534793
-0.0024809990347450
-0.0006601567636650
-0.0048552436539389
-0.0005017165377499
-0.0026388179716736
-0.0006595048401659
-0.0004358678856891
-0.0001850206227410
-0.0006195077310469
-0.0055380446664568
-0.0006371672031911
-0.0042145092937043
-0.0013958889218335
-0.0036839993025524
-0.0004014214473500
-0.0043161536908176
-0.0001220237550132
0.0000000000000000
-0.0002115289734927
-0.0005489635741815
-0.0035397411387645
-0.0015917614121186
-0.0009099324651309
-0.0003200711268230
-0.0012282581766705
-0.0029218076088338
-0.0004760854362829
-0.0017579173077467
-0.0042818673820655
0.0000000000000000
0.0000000000000000
-0.0052324800449126
0.0000000000000000
-0.0000795987250228
-0.0003135963497627
-0.0005722599374494
-0.0005755003319807
-0.0034094967315195
-0.0002016218953926
-0.0007501168299040
-0.0028909849833969
-0.0001344097425289
-0.0022061818174013
-0.0003411120297603
-0.0002319070350687
-0.0035011998017573
0.0000000000000000
-0.0026794060351669
-0.0028589783953992
0.0000000000000000
-0.0025056666683989
-0.0006511570639969
0.0000000000000000
-0.0009484781288958
0.0000000000000000
0.0000000000000000
0.0000000000000000
-0.0009753316579921
-0.0002874934775816
-0.0004934881107843
-0.0049119299288414
-0.0031735104309245
-0.0086500513866135
0.0000000000000000
0.0000000000000000
-0.0001840322365565
0.0000000000000000
0.0000000000000000
-0.0007946178200040
-0.0013443127165429
-0.0030242844141402
-0.0036109160924198
-0.0003445904747501
-0.0003729452826375
-0.0040760819406795
0.0000000000000000
0.0000000000000000
0.0000000000000000
-0.0031906341814576
-0.0006201835546076
-0.0033930815431749
-0.0003597169852085
0.0000000000000000
0.0000000000000000
-0.0007381046427017
-0.0000997069131472
-0.0006206481068594
0.0000000000000000
-0.0002067799922596
-0.0006149219474461
-0.0002410959702548
-0.0001949482500896
-0.0030761559386647
0.0000000000000000
-0.0003963744740929
-0.0042737506889079
-0.0048941730878767
-0.0000688181441166
-0.0010081029620892
-0.0007770157146538
0.0000000000000000
-0.0001747137065342
-0.0000377449205482
-0.0070641123201085
-0.0005688487845781
0.0000000000000000
-0.0000561597681727
-0.0003476384589538
-0.0001625091778479
-0.0027955065241185
0.0000000000000000
-0.0000017032671478
0.0000000000000000
-0.0062107172553647
-0.0003202017524409
-0.0015203296059099
0.0000000000000000
-0.0000285629837098
-0.0001095903822472
-0.0005289338693526
-0.0047026703401301
-0.0002152172953132
-0.0019927929507144
-0.0091433323928047
-0.0031786964457252
0.0000000000000000
0.0000000000000000
-0.0003398763523998
-0.0014240794392570
-0.0002874934791643
0.0000000000000000
-0.0004186637178547
-0.0098164412122914
-0.0021813332676723
-0.0005907041666209
-0.0005884962590930
-0.0010430107886030
-0.0035461473230622
-0.0000000000000027
-0.0024792903449073
0.0000000000000000
-0.0010365402369459
0.0000000000000000
-0.0004119608822943
-0.0003231393260297
0.0000000000000000
-0.0036984033275846
0.0000000000000000
-0.0002068374191815
0.0000000000000000
0.0000000000000000
-0.0029508006851451
-0.0013218727146143
-0.0190198845786291
0.0000000000000000
0.0000000000000000
0.0000000000000000
0.0000000000000000
-0.0053291925333410
-0.0005716668427578
-0.0006398827054053
-0.0036588904359771
-0.0049537185038613
-0.0001639873188477
-0.0037792124141163
-0.0057373982345981
0.0000000000000000
0.0000000000000000
0.0000000000000000
-0.0005295031759260
-0.0003233600871493
-0.0002534772143195
-0.0004281660954337
-0.0029895589088955
0.0000000000000000
-0.0027631262016845
-0.0003937570975250
-0.0037161117554838
-0.0023545380318124
-0.0008523972501493
0.0000000000000000
-0.0009084871602525
-0.0005289165851270
-0.0007414226226787
-0.0003645350810864
0.0000000000000000
-0.0005245783611825
0.0000000000000000
-0.0012453123574643
-0.0000703924711338
0.0000000000000000
0.0000000000000000
-0.0013222847053802
-0.0012180574473923
0.0000000000000000
-0.0029669073104692
0.0000000000000000
0.0000000000000000
-0.0009866554988385
-0.0029708963220223
-0.0052683801211586
0.0000000000000000
-0.0011100600290819
0.0000000000000000
-0.0045836855119505
-0.0025835455243373
-0.0012397140489728
-0.0009871350091792
0.0000000000000000
0.0000000000000000
0.0000000000000000
0.0000000000000000
-0.0039961657106202
0.0000000000000000
-0.0003977866897440
0.0000000000000000
-0.0110847554056210
0.0000000000000000
0.0000000000000000
0.0000000000000000
-0.0010663937151509
-0.0002378093047870
-0.0005710724670696
0.0000000000000000
-0.0006998985297031
-0.0016663141507527
-0.0004953572695063
-0.0001278103863704
-0.0002152172953132
0.0000000000000000
-0.0000412168001640
-0.0013140427619405
0.0000000000000000
0.0000000000000000
0.0000000000000000
0.0000000000000000
-0.0058122744608804
-0.0000446397341562
-0.0000013195411963
-0.0000736752198325
0.0000000000000000
-0.0003734304613108
-0.0029492208172801
0.0000000000000000
-0.0001734397947946
0.0000000000000000
0.0000000000000000
0.0000000000000000
-0.0021689610671762
-0.0012259813525075
-0.0017570058923511
-0.0018863588335467
-0.0000036069786544
-0.0007490758134017
-0.0005791780882580
0.0000000000000000
-0.0009890572309974
-0.0051508194037826
-0.0017874929061925
-0.0000061767201576
-0.0003485068038245
-0.0003361596042275
0.0000000000000000
-0.0040252883990730
-0.0000218437018518
-0.0001953122170288
-0.0057166431188183
-0.0004182233450081
0.0000000000000000
-0.0009508711419066
0.0000000000000000
-0.0072568430685118
0.0000000000000000
-0.0011412392849390
-0.0003323857544490
-0.0001231986767873
0.0000000000000000
-0.0030087653927362
0.0000000000000000
-0.0007561787912156
-0.0038526889761830
-0.0009279152314203
0.0000000000000000
-0.0005805396602536
-0.0019086854354882
0.0000000000000000
-0.0005589176158161
-0.0020324923873858
-0.0114175573877144
-0.0035753900424114
-0.0108397635343138
-0.0051867608414522
-0.0021850316392085
-0.0007011625323337
-0.0035565407450999
-0.0000002921215110
-0.0017381416824644
-0.0000000807575935
-0.0042379609882737
-0.0001644744595062
-0.0001234523441696
-0.0009474826264588
-0.0024453175452992
-0.0118375083971483
-0.0005424931248559
0.0000000000000000
-0.0004862531258150
-0.0001608948904686
0.0000000000000000
-0.0000257191634008
-0.0026120310470148
-0.0082701168315520
-0.0040068408917584
-0.0000190908300350
-0.0001863001649776
-0.0025257062850308
-0.0000445838419152
-0.0001406056715849
-0.0027817056760675
-0.0032682208762793
-0.0001893663709662
-0.0000269367481520
-0.0010288246478289
-0.0002368716496308
0.0000000000000000
0.0000000000000000
-0.0003954375936654
0.0000000000000000
0.0000000000000000
0.0000000000000000
-0.0006619616441430
0.0000000000000000
0.0000000000000000
-0.0001087776264344
-0.0016225815891415
0.0000000000000000
-0.0013291730357983
0.0000000000000000
-0.0005625466150843
-0.0010436099219735
0.0000000000000000
0.0000000000000000
-0.0005788251162198
-0.0004276924908293
-0.0000797085805146
-0.0028003832291308
-0.0002291112982915
-0.0027855835227468
-0.0006605890698470
-0.0014839346123665
-0.0003948637958926
-0.0003793911891528
-0.0011299110060561
-0.0022562741039920
0.0000000000000000
-0.0024138347114659
-0.0036373744872620
-0.0010154333948496
-0.0027968801397975
0.0000000000000000
-0.0018786139373148
0.0000000000000000
-0.0020636983865847
-0.0003536734979415
-0.0034006251079584
0.0000000000000000
-0.0026165489219183
-0.0000474422082242
-0.0036521065561548
-0.0002818297196052
-0.0012054401176051
-0.0005967911559033
-0.0085436799349452
-0.0001229610680173
-0.0004004121571253
0.0000000000000000
0.0000000000000000
-0.0001903789066562
-0.0003048974042148
0.0000000000000000
0.0000000000000000
-0.0022056571606219
-0.0004536595564097
-0.0017157146741544
0.0000000000000000
-0.0020111565344898
-0.0082759786177320
0.0000000000000000
-0.0125272789300119
-0.0014243826163423
-0.0011475469211275
-0.0023507361077337
-0.0027969400467285
-0.0008202633196444
-0.0007002892276722
-0.0005929346903537
-0.0000767011065674
-0.0011493898562573
-0.0031473844787815
-0.0002825597362550
0.0000000000000000
-0.0004829008767544
-0.0003289809337996
-0.0003827698813570
-0.0021797508417096
-0.0004931215419788
-0.0002432864224851
0.0000000000000000
-0.0000351829628151
-0.0013815792127536
-0.0038844692273665
-0.0051562513659551
-0.0052835350603484
-0.0040011862628484
-0.0029892016605491
-0.0001963109703889
-0.0027526869776562
-0.0000718028108206
-0.0011744990517482
-0.0007696521935641
0.0000000000000000
-0.0007661883968568
-0.0040474658385676
-0.0045210920663710
-0.0004458019346139
-0.0038885637586539
-0.0004098337868896
0.0000000000000000
-0.0012203039411016
0.0000000000000000
-0.0016739591375856
-0.0038080880469771
-0.0003891830094709
-0.0002250859123318
-0.0002953644271786
-0.0000327579261521
-0.0002214633938511
0.0000000000000000
-0.0006149219474461
-0.0000422007470107
-0.0015497781964937
-0.0015449384214623
-0.0003024216914485
-0.0014441455573238
-0.0053036351049940
0.0000000000000000
-0.0008409311031237
0.0000000000000000
-0.0005238997480657
-0.0011800987647508
-0.0087281388424261
0.0000000000000000
-0.0009760592799521
-0.0035274392588382
-0.0007548705689988
-0.0015187194191668
-0.0009006301333887
0.0000000000000000
-0.0003315858220390
-0.0028632551447396
-0.0001188961608189
-0.0000423456335223
-0.0000003124049197
-0.0040650676950627
0.0000000000000000
-0.0005144413512248
-0.0010072381862614
0.0000000000000000
0.0000000000000000
-0.0000003023160540
-0.0005129013520850
0.0000000000000000
0.0000000000000000
-0.0013490656091939
0.0000000000000000
-0.0003887375679028
-0.0005018377834070
-0.0005414273239204
0.0000000000000000
-0.0000249747940151
0.0000000000000000
0.0000000000000000
-0.0000001466741697
-0.0004024517427030
-0.0043253124578593
0.0000000000000000
0.0000000000000000
0.0000000000000000
-0.0004454204741773
-0.0000412168001640
-0.0005630436168333
-0.0023131992860002
-0.0007175124862915
-0.0043240884465163
0.0000000000000000
0.0000000000000000
0.0000000000000000
-0.0002677721708606
0.0000000000000000
0.0000000000000000
-0.0004755180047837
-0.0039204811105575
0.0000000000000000
-0.0008790398163798
0.0000000000000000
-0.0007002456069838
-0.0002733027387469
-0.0009320433033873
-0.0002027527346673
-0.0022667055330103
-0.0001268030750410
-0.0002152444834085
-0.0055852638070437
0.0000000000000000
0.0000000000000000
-0.0027700241787603
-0.0030315633552842
-0.0016626615021593
-0.0094263899745535
-0.0007981790013734
-0.0015585528912707
0.0000000000000000
0.0000000000000000
-0.0022683655229638
-0.0000632809897230
-0.0004318677691924
0.0000000000000000
-0.0029853338058370
-0.0075116505416091
0.0000000000000000
0.0000000000000000
0.0000000000000000
0.0000000000000000
-0.0003251135829343
-0.0011059034396546
-0.0004557623830719
-0.0001995032508457
-0.0037534537591046
0.0000000000000000
-0.0016907552448453
-0.0008878599759807
0.0000000000000000
0.0000000000000000
0.0000000000000000
-0.0010974749878487
-0.0005392809204556
0.0000000000000000
0.0000000000000000
-0.0002497251279658
-0.0009733979955699
-0.0000541469110358
-0.0005322655376236
-0.0009067394579141
-0.0043221170820278
0.0000000000000000
-0.0008231088571966
0.0000000000000000
-0.0014857277592890
-0.0045938053028305
-0.0041561358254762
0.0000000000000000
-0.0039623774885831
-0.0007579203427293
-0.0032351783182589
-0.0000500871026095
0.0000000000000000
0.0000000000000000
-0.0003724609620281
-0.0121209587296427
0.0000000000000000
-0.0053270916636521
-0.0037534537591011
-0.0059220332293810
0.0000000000000000
0.0000000000000000
-0.0004291055332342
0.0000000000000000
-0.0045893077245633
-0.0027742246051883
0.0000000000000000
0.0000000000000000
-0.0045121149382128
0.0000000000000000
0.0000000000000000
0.0000000000000000
0.0000000000000000
-0.0001877486084432
0.0000000000000000
-0.0001732653711928
0.0000000000000000
-0.0015643669666670
0.0000000000000000
-0.0007073731802434
-0.0010816856497229
-0.0003664316323366
-0.0001052915801889
-0.0046948918882368
-0.0167253467026658
-0.0012729098599866
0.0000000000000000
-0.0036437721854519
-0.0036267990215588
-0.0004900910123187
0.0000000000000000
-0.0032770351180655
-0.0095375608821868
-0.0006721812395920
0.0000000000000000
0.0000000000000000
-0.0008546733149677
-0.0001076308695174
0.0000000000000000
0.0000000000000000
0.0000000000000000
0.0000000000000000
0.0000000000000000
-0.0010274744870546
-0.0004856370007227
-0.0000378503007710
-0.0000215799113246
-0.0091716169468397
0.0000000000000000
-0.0007787738335860
-0.0031800859277773
0.0000000000000000
-0.0019559010876229
-0.0002879739945190
-0.0164085306081496
-0.0001730296269065
-0.0001485508467205
-0.0005744678083444
0.0000000000000000
-0.0000022417093515
0.0000000000000000
-0.0003604086403382
-0.0014026951869575
0.0000000000000000
-0.0000478571174316
-0.0025433723431334
0.0000000000000000
-0.0002725916750013
-0.0014825543755510
-0.0001160461986460
-0.0001616726810951
-0.0006489993374768
-0.0010889057232628
0.0000000000000000
-0.0016739616823607
-0.0012858410262329
-0.0007387450317520
-0.0042838141669410
-0.0038001507315659
-0.0006574920566100
-0.0000726198287966
-0.0001060700672060
-0.0000377449205482
-0.0012384043066138
-0.0003951673029032
-0.0060501789285077
-0.0026127235800102
0.0000000000000000
-0.0001077463987951
-0.0011868894973279
0.0000000000000000
-0.0002472616864839
-0.0001772803879359
-0.0001742587392748
0.0000000000000000
0.0000000000000000
0.0000000000000000
-0.0014473851381300
0.0000000000000000
-0.0013726022536149
-0.0002388059656724
-0.0059638738471310
-0.0032934593287433
-0.0004454521109345
0.0000000000000000
0.0000000000000000
-0.0002017962184695
-0.0002224257464079
0.0000000000000000
-0.0000771035636502
0.0000000000000000
-0.0002020586843923
0.0000000000000000
-0.0061196948631874
0.0000000000000000
0.0000000000000000
-0.0011491735118501
-0.0007721471840787
-0.0036757296511869
0.0000000000000000
-0.0021476930580757
-0.0001807908189626
0.0000000000000000
-0.0004097708683055
-0.0000146336776110
-0.0011355026023061
-0.0000057419437285
0.0000000000000000
-0.0036309860005979
-0.0040576913349275
-0.0005560189521017
-0.0003940343999655
0.0000000000000000
-0.0021802862572518
-0.0042013342802845
0.0000000000000000
-0.0036108129123438
-0.0005667493631076
-0.0001849183150204
-0.0008107528761947
-0.0029404177938943
-0.0007850590366374
-0.0011770968398181
0.0000000000000000
-0.0045183023697719
-0.0000311200023448
0.0000000000000000
0.0000000000000000
-0.0009370542035159
-0.0001265383787379
-0.0009522108903672
-0.0087719634778880
0.0000000000000000
-0.0058471263542730
-0.0000175856179334
-0.0003249798991884
-0.0008143026895073
-0.0040277042359813
-0.0011294395754504
-0.0009429459660328
-0.0002647656870671
-0.0004468038206715
-0.0003451282537661
0.0000000000000000
-0.0003034819616330
-0.0026590036025196
-0.0014703840097638
-0.0075733978212345
-0.0019342604457080
-0.0029745591372379
0.0000000000000000
-0.0014415526261136
-0.0024406322914867
-0.0008522721592206
-0.0028647939514732
0.0000000000000000
-0.0005177430577623
-0.0036492940599100
-0.0043421454491170
-0.0000027270893019
0.0000000000000000
-0.0022440536977193
-0.0007117121362494
-0.0016273905231206
-0.0015464814163142
-0.0009684614707304
-0.0011948347917130
-0.0035277381775209
0.0000000000000000
0.0000000000000000
0.0000000000000000
-0.0009541142548368
0.0000000000000000
0.0000000000000000
0.0000000000000000
-0.0039476661847431
-0.0004214235552453
-0.0004085538881942
-0.0001341771790226
-0.0009568638331094
-0.0006880012593076
-0.0014298166942979
0.0000000000000000
-0.0011849216396840
-0.0039543755743363
0.0000000000000000
-0.0121516060460003
-0.0003925162540988
-0.0012491960750403
0.0000000000000000
0.0000000000000000
-0.0075293715847167
0.0000000000000000
0.0000000000000000
-0.0002887697895773
0.0000000000000000
-0.0001188065670075
-0.0013491586742234
0.0000000000000000
0.0000000000000000
0.0000000000000000
-0.0030679215085581
-0.0007516847551283
-0.0007801678842156
0.0000000000000000
-0.0046386219790779
0.0000000000000000
-0.0007260359955872
0.0000000000000000
0.0000000000000000
-0.0001025651421367
-0.0003953889212642
-0.0038126295747594
-0.0001667736878685
-0.0004974691894759
-0.0000019893890988
-0.0001495642047207
-0.0031070416191854
-0.0020595871336893
-0.0076860650152764
-0.0001751427390531
-0.0031051012815206
-0.0006271301683212
0.0000000000000000
-0.0022755205530860
0.0000000000000000
-0.0001178781445681
0.0000000000000000
-0.0003347302607404
-0.0004399405357178
-0.0001909661579340
-0.0070914109613458
-0.0002123187470602
-0.0010160540226085
-0.0000242492731060
-0.0085880171310730
0.0000000000000000
-0.0000004465082926
-0.0017435884800374
0.0000000000000000
-0.0004387223005411
-0.0005311305682332
-0.0007340381324044
-0.0038061959298563
-0.0021315507183832
0.0000000000000000
-0.0021532191691680
-0.0002267629598389
0.0000000000000000
-0.0036591674224216
0.0000000000000000
-0.0001167156650013
-0.0034234254644812
0.0000000000000000
-0.0000311788975527
-0.0002636541576146
-0.0003440204837384
-0.0000944957482112
-0.0035510121541682
0.0000000000000000
0.0000000000000000
-0.0001238652350182
-0.0003539159655084
-0.0027516948680200
0.0000000000000000
-0.0018460293127411
-0.0003451282537661
0.0000000000000000
-0.0000560551101101
-0.0045442582004007
-0.0000556009467125
-0.0030689415170251
0.0000000000000000
-0.0008193262695730
-0.0004451535085002
-0.0009935286234271
-0.0007235425177665
-0.0001157336632671
-0.0012961560633906
-0.0012327836696162
-0.0001652049684875
-0.0031028361316627
-0.0038492331254858
0.0000000000000000
-0.0020582248942107
0.0000000000000000
-0.0015965616529794
-0.0034009671967201
0.0000000000000000
-0.0003967317033853
-0.0011787058623440
-0.0016769619825920
-0.0021813842155511
-0.0004750306762924
-0.0001818887035547
-0.0020892843556899
-0.0016451874021017
-0.0002082329623541
-0.0048847740850508
-0.0001231373185133
-0.0000541467195090
0.0000000000000000
-0.0003936790544437
-0.0004823443703987
0.0000000000000000
-0.0042905031226947
-0.0027599840218375
0.0000000000000000
-0.0000814346846436
-0.0001252698230614
-0.0024958663375543
-0.0023394130167533
0.0000000000000000
-0.0028230180184075
0.0000000000000000
0.0000000000000000
-0.0025535172834878
-0.0003015503207697
0.0000000000000000
-0.0054210817924440
-0.1033457019443382
-0.0020052571340727
-0.0049687954340527
0.0000000000000000
-0.0016972120659648
0.0000000000000000
0.0000000000000000
-0.0011077507729995
-0.0001938275292694
-0.0019478839198053
-0.0004153028449396
-0.0001794875468288
-0.0006357088895186
0.0000000000000000
-0.0005417432978820
-0.0006725568060792
0.0000000000000000
0.0000000000000000
-0.0001578631539276
-0.0012293264588656
-0.0018784865700887
0.0000000000000000
-0.0007337145550483
0.0000000000000000
-0.0024354970474114
0.0000000000000000
0.0000000000000000
-0.0003693930308559
-0.0026284070134093
0.0000000000000000
-0.0003737807088839
-0.0000425194874101
-0.0044332597549452
0.0000000000000000
-0.0000699972304368
0.0000000000000000
-0.0002322473028222
-0.0039715859521063
-0.0004089130426888
0.0000000000000000
0.0000000000000000
-0.0011279041327823
-0.0007761157854880
-0.0008044558368692
-0.0009705771058570
-0.0007078621460552
0.0000000000000000
-0.0009737882205645
-0.0010189255639075
0.0000000000000000
-0.0016116099155470
-0.0010249796482054
-0.0001760547001322
0.0000000000000000
-0.0000632809897230
-0.0033595517119256
-0.0001429930356860
-0.0001063401779451
-0.0054193666339799
-0.0037670330872803
0.0000000000000000
-0.0014338395302200
-0.0001345955634608
-0.0007938142229698
0.0000000000000000
-0.0009691736705975
-0.0003573014408378
0.0000000000000000
-0.0002033121394200
-0.0001884785582060
-0.0020426372363289
-0.0001389946072106
-0.0034880137283055
0.0000000000000000
-0.0016492201721725
-0.0029557775870375
-0.0047477551369930
-0.0002190945093483
0.0000000000000000
0.0000000000000000
0.0000000000000000
0.0000000000000000
0.0000000000000000
-0.0336640982825163
-0.0014958412061397
-0.0046907691111997
-0.0031320991689237
0.0000000000000000
0.0000000000000000
0.0000000000000000
-0.0003111480746183
0.0000000000000000
-0.0012071935469322
0.0000000000000000
-0.0003715489310858
-0.0000326714640044
0.0000000000000000
0.0000000000000000
0.0000000000000000
-0.0027577944087431
0.0000000000000000
-0.0050463041641846
0.0000000000000000
-0.0005622546741932
-0.0003425323379975
-0.0056887721769137
-0.0026292095793501
-0.0003778040266251
0.0000000000000000
0.0000000000000000
-0.0006804056898027
-0.0016021845255940
-0.0041373065338073
0.0000000000000000
0.0000000000000000
-0.0008031417232326
-0.0006756412440012
-0.0079723028133731
0.0000000000000000
-0.0028478881417620
-0.0016178674006442
-0.0004168319491029
0.0000000000000000
-0.0009593047168863
-0.0005091077429089
-0.0110839380256120
-0.0009860427959367
0.0000000000000000
-0.0001329899590239
-0.0007546558209661
-0.0014758398763668
0.0000000000000000
-0.0007411587810831
0.0000000000000000
0.0000000000000000
0.0000000000000000
-0.0001539910406105
-0.0007002456069838
0.0000000000000000
-0.0000766158934642
-0.0014884397292469
-0.0001216846309813
0.0000000000000000
-0.0057861981296785
-0.0007475938660315
-0.0007947767797871
0.0000000000000000
-0.0020695804059905
-0.0004404918432224
-0.0009401392509893
-0.0002991437557505
0.0000000000000000
-0.0059372083911065
0.0000000000000000
-0.0005085736232386
-0.0003546203589577
0.0000000000000000
-0.0040011862628475
-0.0017948995788686
0.0000000000000000
-0.0000289370289650
-0.0058953240274437
-0.0018429683881021
-0.0040650676950644
-0.0012364465605827
-0.0030514895780902
-0.0009230903720781
-0.0001360554076797
-0.0012244640824779
-0.0054278621475996
-0.0003857825836402
-0.0011026007810031
-0.0025206472645163
-0.0016207137296398
-0.0022299024921821
-0.0006879829674240
-0.0020921883335276
-0.0008320198857028
-0.0001963495665329
-0.0007529107258470
-0.0037981982729516
0.0000000000000000
0.0000000000000000
0.0000000000000000
-0.0239515405505539
-0.0020644370552700
0.0000000000000000
-0.0000240294609517
-0.0020343685517101
0.0000000000000000
0.0000000000000000
-0.0003601962559596
-0.0001168453014628
0.0000000000000000
-0.0018821615053355
-0.0009018320641632
-0.0002109973674465
-0.0016192856070587
0.0000000000000000
-0.0003139962727250
-0.0056283635428862
-0.0001272553074401
-0.0001799536759197
0.0000000000000000
0.0000000000000000
0.0000000000000000
-0.0000117527520249
-0.0000286253185893
-0.0006520219499944
-0.0013012376844808
-0.0001997063077557
-0.0016288342856869
-0.0008037580697540
0.0000000000000000
-0.0001826557384073
-0.0023150733521806
-0.0042193944282358
0.0000000000000000
0.0000000000000000
-0.0023077252976078
0.0000000000000000
-0.0058895624937003
-0.0005829923314025
-0.0003031266869611
0.0000000000000000
-0.0032399787259818
-0.0000265347143396
-0.0001191844382706
-0.0001732653711928
0.0000000000000000
-0.0003005085082108
-0.0000734271880125
0.0000000000000000
0.0000000000000000
-0.0004017924497539
-0.0000376300456351
0.0000000000000000
0.0000000000000000
0.0000000000000000
-0.0029826156359949
-0.0005096045081920
-0.0024620981907866
0.0000000000000000
0.0000000000000000
-0.0014737343816211
0.0000000000000000
-0.0021576001940993
-0.0009888444831585
-0.0004919165405974
-0.0003820897302917
-0.0035699496057084
-0.0002201619258493
-0.0046512698999557
-0.0000870220578753
0.0000000000000000
0.0000000000000000
-0.0001326848043579
0.0000000000000000
-0.0032317139815259
0.0000000000000000
-0.0007092221317730
-0.0007735362153580
-0.0002776115714003
-0.0006160496066423
-0.0010361548631792
-0.0131911776838809
-0.0036473814969415
-0.0000690642644150
0.0000000000000000
-0.0004557838395858
-0.0077490285352280
-0.0024055846078372
-0.0000157801737632
-0.0003612186662405
-0.0000414470576153
0.0000000000000000
-0.0025335028176166
-0.0015411734534139
-0.0016785777489261
-0.0001903789066562
0.0000000000000000
-0.0010677794564504
-0.0001697488005856
-0.0010555559300132
-0.0031596476032396
0.0000000000000000
-0.0000301460503058
-0.0004566368476153
0.0000000000000000
-0.0027948584141768
0.0000000000000000
0.0000000000000000
-0.0028354433923061
-0.0001090660311291
-0.0007358729251044
-0.0003472238560391
-0.0012372674678884
-0.0053105322056233
-0.0000265347143396
-0.0001651554470374
-0.0000189029594662
0.0000000000000000
0.0000000000000000
-0.0001850398148164
-0.0012000816454645
-0.0007409010058641
-0.0039363007463642
-0.0026591651103942
-0.0021169252745725
-0.0000980905719459
-0.0035449485188730
-0.0005589986314778
-0.0003205094982324
-0.0005761431124895
0.0000000000000000
0.0000000000000000
-0.0015240021930074
-0.0004091366136052
-0.0005489184092831
-0.0002167431141160
-0.0010454926350691
-0.0018012574183350
0.0000000000000000
-0.0014247212276821
-0.0030028541525482
-0.0005327404367961
-0.0023471115718410
-0.0000607614258499
0.0000000000000000
-0.0027727826047617
-0.0027732737349915
0.0000000000000000
0.0000000000000000
0.0000000000000000
-0.0217377400574428
-0.0038197308233645
0.0000000000000000
0.0000000000000000
0.0000000000000000
-0.0029475902128464
-0.0025063128692890
-0.0008853970191964
0.0000000000000000
-0.0533326531793836
-0.0017945801098831
-0.0066461006829268
-0.0004564472330344
-0.0052286460008286
0.0000000000000000
0.0000000000000000
-0.0019366051640191
-0.0003631032866398
-0.0012511112842253
-0.0042169042191897
-0.0000828287785080
-0.0023678466813859
-0.0003780536243809
-0.0043061096888248
-0.0001832535776742
-0.0071068862623074
-0.0060200747421666
-0.0001053075945734
-0.0001051689322651
-0.0027451239534946
-0.0001168045457360
-0.0007403359798150
-0.0052830778797901
-0.0095887976332953
-0.0003053086088061
-0.0006134667143929
-0.0056682890116440
-0.0006808304422767
0.0000000000000000
-0.0017660508253972
-0.0003062116665271
-0.0005582004551439
-0.0001128016879512
-0.0008532028260380
-0.0007460456711916
-0.0037838878006919
-0.0017609654149542
-0.0012319244829158
-0.0037501103189879
-0.0037016435654937
-0.0049511303794834
-0.0006872560810400
0.0000000000000000
-0.0010955248502746
-0.0018091495136732
-0.0000388261316955
-0.0003652444049065
-0.0002059923956095
-0.0058803283342908
-0.0004371407106980
0.0000000000000000
0.0000000000000000
0.0000000000000000
-0.0000569262099051
-0.0013006316916675
-0.0001352953117930
-0.0011692091940185
-0.0047348088871439
0.0000000000000000
-0.0072516700177498
0.0000000000000000
-0.0005885202079474
-0.0000615913074862
-0.0066727091558381
0.0000000000000000
0.0000000000000000
-0.0033589768675313
-0.0000906437945734
-0.0000173646899633
-0.0000080923468246
-0.0031564884274857
-0.0005005584965891
0.0000000000000000
-0.0001186081848736
-0.0039256490548265
-0.0001340083303241
-0.0013021025807847
-0.0009450436221439
-0.0000487924479788
-0.0003046918008263
-0.0009767133979555
0.0000000000000000
-0.0002771230668390
-0.0012430260231548
-0.0005163283767633
-0.0003490996454341
-0.0001845971906391
-0.0003272353294674
-0.0002103490632912
-0.0006392460939111
-0.0000162848936958
0.0000000000000000
-0.0011794936386389
-0.0085428783329657
-0.0016665182981237
-0.0005624078142290
-0.0016674511834252
-0.0010931818046540
-0.0028296367467568
-0.0011471648411616
-0.0002106353738558
-0.0067032080660132
-0.0003719183238005
-0.0007721831056813
-0.0006636022177231
-0.0004438880644750
-0.0005896443979445
-0.0003783833798394
-0.0295333217184224
0.0000000000000000
-0.0036418461920000
-0.0018424311208749
0.0000000000000000
-0.0006587808030138
-0.0041561358254754
-0.0000653980389638
-0.0013885012585044
-0.0002486518764000
-0.0001084642281368
-0.0004406404515080
0.0000000000000000
-0.0027410552678626
-0.0023857421230344
-0.0008264963075195
-0.0021497124067791
-0.0006453850923434
-0.0027811030491858
-0.0034528551385193
-0.0019996409463170
-0.0025311262676988
0.0000000000000000
-0.0001404438976094
-0.0015600593851337
-0.0011091905069334
0.0000000000000000
-0.0057466874804382
-0.0024212510385322
-0.0027121489866664
-0.0003364272335400
-0.0010155766378572
-0.0018899347090624
-0.0000301469458428
-0.0003642400108257
-0.0018447972515343
-0.0011632933027244
-0.0000649143030769
-0.0015669866873367
-0.0025421289218386
-0.0002174832489121
-0.0006625739429609
-0.0000405166737112
0.0000000000000000
0.0000000000000000
-0.0001209576330341
-0.0009078353051191
-0.0003871901240800
-0.0000428438580604
-0.0000326569587719
0.0000000000000000
0.0000000000000000
-0.0039316020759097
0.0000000000000000
-0.0000836178085279
-0.0033016347183068
0.0000000000000000
-0.0003231565616399
-0.0003607153413849
-0.0044632376521108
-0.0000921262738318
-0.0004081632086468
0.0000000000000000
-0.0003915604528046
-0.0033855938461551
-0.0000836083409750
-0.0000325342456362
-0.0047141853414594
-0.0004514213522810
-0.0010099123229352
-0.0013689653235192
-0.0024643186268483
-0.0056317304558249
0.0000000000000000
-0.0020770535246042
-0.0044696325050833
-0.0000092429939667
0.0000000000000000
-0.0004344959566343
-0.0048453760301488
0.0000000000000000
0.0000000000000000
-0.0002296377821738
-0.0004046970661609
-0.0067753508198702
-0.0000964580166016
-0.0007495960792170
-0.0000218437018518
-0.0015198725779779
-0.0027309752448943
-0.0004792524198765
-0.0025257476658798
-0.0035020234605128
-0.0038060762500223
-0.0000711505230822
-0.0001009647536367
-0.0008477625637369
-0.0072949011421777
-0.0017723194205228
-0.0010344644466862
-0.0003102388729239
-0.0005038970871567
-0.0033468619589829
-0.0002117390618697
-0.0198627874153576
-0.0016661148274464
-0.0005061327363940
-0.0031036272982581
0.0000000000000000
-0.0007553574254811
-0.0091256343206823
-0.0002822550583286
0.0000000000000000
-0.0000353681520062
-0.0005115035936818
-0.0028841937522577
-0.0013251731924768
-0.0050402314629565
-0.0032875475008574
-0.0003163147382885
-0.0001118805826215
-0.0000546123722769
0.0000000000000000
-0.0000095428373772
0.0000000000000000
-0.0002242664506298
-0.0001505128582355
-0.0030514895780902
0.0000000000000000
-0.0040376307924790
-0.0000377508631377
-0.0006658096804539
-0.0007050386137859
0.0000000000000000
-0.0009866139346890
-0.0004266167675908
-0.0000224558629078
-0.0000242492731060
-0.0002680979612553
-0.0002991417017917
-0.0042633446228617
-0.0010653676939540
-0.0037547190714768
-0.0005597140824030
-0.0067481350349174
-0.0079551229961963
-0.0004042067719618
-0.0056299413087180
-0.0062581346080943
-0.0054808708254477
-0.0005547149977732
-0.0011419004452344
-0.0001397132066288
0.0000000000000000
-0.0015181003079547
-0.0001656748108454
-0.0137303850403327
-0.0006250627139579
-0.0002281959066108
-0.0001774989271457
-0.0011451716945219
0.0000000000000000
-0.0001448910138659
-0.0029546656623154
-0.0006867253499179
-0.0013560356954603
-0.0007768536320452
-0.0000991685502409
-0.0007986182065132
-0.0003828747348731
-0.0001247514995146
-0.0001877011545721
-0.0000770419562981
-0.0002427286534488
-0.0008376486240316
-0.0000413774218533
-0.0409495468335663
-0.0008235086526724
-0.0015047178865402
0.0000000000000000
0.0000000000000000
-0.0015008300367993
-0.0009383858156369
-0.0017420669283839
-0.0010444452168423
-0.0000771035636502
-0.0035640581382053
-0.0008608220031903
-0.0016981641243579
-0.0013328213281056
-0.0065355953842419
-0.0078837088382642
-0.0001669940034219
-0.0011254079579981
-0.0003351571541748
0.0000000000000000
-0.0029097980920261
0.0000000000000000
-0.0001794331133524
-0.0003128357296438
-0.0011443460764724
-0.0003119927798991
-0.0037456581185955
-0.0000456445603225
0.0000000000000000
-0.0001463529667234
-0.0005210118501147
-0.0057952244434549
-0.0010411724290815
-0.0000583829349070
0.0000000000000000
-0.0005048102793141
-0.0001727949762333
-0.0003873711105911
-0.0007827130133204
-0.0070078270256735
-0.0002057866473653
-0.0023999328581539
0.0000000000000000
-0.0012591924990906
-0.0006812213925116
-0.0000233088455506
0.0000000000000000
-0.0006741167188391
-0.0170632795023327
-0.0017208311000623
-0.0018700316928770
-0.0000723874119073
-0.0043091474069428
-0.0003230077114171
-0.0005363774535816
-0.0005236626585052
0.0000000000000000
-0.0011123336349490
0.0000000000000000
-0.0075788354341793
-0.0001551567987050
-0.0003494414221201
0.0000000000000000
-0.0001038282342378
-0.0000532736175565
-0.0005839512714800
-0.0001021069784191
-0.0000395477523396
-0.0015611173920860
-0.0013609566650317
-0.0059504989230916
0.0000000000000000
-0.0018784865700887
-0.0009572864099514
0.0000000000000000
0.0000000000000000
0.0000000000000000
-0.0021443848482692
0.0000000000000000
-0.0000670881140277
-0.0016881457380507
-0.0000140689025496
-0.0007282624322684
-0.0001200400365278
-0.0001200400365278
-0.0021192944995327
-0.0007075678602648
-0.0000767301029914
-0.0004954637972148
-0.0010010530076929
-0.0004291055332342
-0.0003667158904737
-0.0001826557384073
-0.0000056877808152
-0.0099227487263986
-0.0000500637965537
-0.0000338644533135
-0.0018429072697224
-0.0001841897426278
-0.0002259892863705
-0.0003110771909114
-0.0001160862725182
0.0000000000000000
0.0000000000000000
-0.0008940919954643
-0.0002417377675075
0.0000000000000000
-0.0009008154046315
-0.0006888629171744
-0.0015494150030824
-0.0013800963027730
-0.0047324423412878
0.0000000000000000
-0.0005483351064637
-0.0046204866549973
-0.0010596406420866
-0.0000541467118520
-0.0000541464457680
0.0000000000000000
-0.0016068862303866
0.0000000000000000
-0.0000712457150627
-0.0002846492395658
-0.0006855940510286
-0.0000885683047755
0.0000000000000000
-0.0013299539495888
-0.0011328508632449
-0.0037887329058393
-0.0001203529779801
-0.0001973393652150
-0.0022555233679373
-0.0002991437557505
-0.0001860218892968
-0.0032574504479523
-0.0001650052958198
-0.0023981625668679
-0.0003929355300212
-0.0020970747179785
-0.0000597547145862
-0.0026072694215191
-0.0017867003178349
0.0000000000000000
-0.0003767564408896
-0.0164610481112408
-0.0004055683209314
-0.0008589202837737
-0.0043667473313622
-0.0000029291633368
-0.0044675506565772
-0.0002482140647269
-0.0001074624795061
-0.0030505923477087
-0.0013115158272425
-0.0018840237935960
-0.0044786875880725
0.0000000000000000
-0.0001323381432528
-0.0008783506562828
-0.0010683812798344
-0.0030419790705967
-0.0057310602192064
0.0000000000000000
0.0000000000000000
0.0000000000000000
-0.0010367682116037
-0.0000861305701809
-0.0000785988567706
0.0000000000000000
-0.0057453984072868
-0.0006450477000639
-0.0029598429984787
0.0000000000000000
-0.0030003976931230
-0.0060402737138912
-0.0004778694110703
-0.0004402565862396
-0.0007489976168813
-0.0008700610586256
-0.0004565154942959
0.0000000000000000
0.0000000000000000
-0.0018911748665387
-0.0025393974226411
-0.0026082892598165
0.0000000000000000
-0.0016015828436675
-0.0022731932125488
0.0000000000000000
-0.0010460466668718
-0.0055447394027528
-0.0060529914177874
-0.0008836227596838
0.0000000000000000
-0.0011783685382873
-0.0025823022549414
-0.0155084007846247
-0.0000859587772428
0.0000000000000000
0.0000000000000000
-0.0013955271674346
0.0000000000000000
0.0000000000000000
-0.0022871255555330
0.0000000000000000
0.0000000000000000
-0.0019004649087062
0.0000000000000000
-0.0044671620972583
-0.0050649281233017
-0.0002902042733606
-0.0007669435000057
-0.0005897053076191
-0.0067252031115643
0.0000000000000000
-0.0002543568223556
-0.0000486597474403
-0.0033533608907685
-0.0039256370678213
-0.0001877486084432
-0.0004709971393728
-0.0005096383143428
0.0000000000000000
-0.0002558762252960
0.0000000000000000
-0.0005859051692880
-0.0012867332997413
-0.0004314930245179
-0.0007615300499353
-0.0017707395523194
-0.0018806426497004
-0.0027638896725577
-0.0025162102013354
-0.0027613030307689
-0.0009515006796743
-0.0033839669425211
-0.0000000000000027
-0.0000000000000018
-0.0000122874463084
-0.0000000000000018
0.0000000000000000
-0.0017154667924419
-0.0017790106869375
-0.0043299853722987
-0.0028445950990594
-0.0004631258744805
-0.0001611220617237
-0.0028778875834909
0.0000000000000000
-0.0030583149366130
-0.0001680040949932
-0.0000861610849618
-0.0046861519105672
0.0000000000000000
-0.0009308513046742
-0.0042387009048435
-0.0051472088658171
-0.0020946483632134
-0.0002531185812442
0.0000000000000000
-0.0034090460715870
-0.0030411198339904
-0.0115895374508659
-0.0036121226218393
-0.0035687567784004
0.0000000000000000
0.0000000000000000
0.0000000000000000
0.0000000000000000
0.0000000000000000
0.0000000000000000
0.0000000000000000
0.0000000000000000
-0.0042384261236075
-0.0007381046427017
-0.0000399702392473
0.0000000000000000
-0.0007028623138350
0.0000000000000000
-0.0031049406661481
-0.0010311193550052
0.0000000000000000
-0.0014694852962052
-0.0023916616333999
-0.0014975807042941
0.0000000000000000
0.0000000000000000
0.0000000000000000
-0.0005571353962264
0.0000000000000000
-0.0003481159008221
-0.0002619399208754
-0.0000121937014494
-0.0007568752427369
-0.0001934448523420
-0.0001426537428486
-0.0021299740190557
-0.0024142676353796
-0.0000353790998586
-0.0008466708047923
-0.0002505028951241
-0.0004872403626734
-0.0003626995873809
-0.0001883189498333
-0.0044556953841823
-0.0080829774659374
-0.0003218015991049
-0.0004367074974816
-0.0003294816349655
-0.0002110272083478
-0.0026837786008400
-0.0014745079863117
0.0000000000000000
-0.0008050393390606
0.0000000000000000
0.0000000000000000
-0.0003600690182601
-0.0073958288647198
-0.0012840249796389
-0.0011212307251727
-0.0041297422739408
-0.0002169759112585
-0.0026245570965981
-0.0043442770249342
-0.0012106022363767
0.0000000000000000
-0.0002273467053007
0.0000000000000000
-0.0000119322568803
0.0000000000000000
0.0000000000000000
-0.0003804052730727
-0.0000680500278989
-0.0000091144151737
-0.0000041643270867
-0.0003002641054222
0.0000000000000000
-0.0001735748731972
-0.0001065373759879
-0.0023958295469280
-0.0004774556112892
-0.0022627442769814
0.0000000000000000
-0.0027135074167424
-0.0013450547251939
0.0000000000000000
-0.0003380652118405
-0.0004900910123187
-0.0000693019964606
-0.0038175628497408
-0.0013891805780473
0.0000000000000000
-0.0006057228854219
-0.0011317614701278
0.0000000000000000
0.0000000000000000
0.0000000000000000
-0.0000240930177302
-0.0011232884976664
0.0000000000000000
0.0000000000000000
-0.0005821915379798
-0.0002874934790711
-0.0022366946171335
-0.0001374678741026
-0.0004026093845741
-0.0001073526245801
-0.0000041827998452
0.0000000000000000
-0.0001730374375111
-0.0009050861659627
-0.0015590708711697
-0.0013570911499734
-0.0104675102712122
-0.0011586033132343
0.0000000000000000
0.0000000000000000
-0.0001277593194953
-0.0006038510933584
-0.0009626382167323
-0.0006382991560461
-0.0057858945167624
0.0000000000000000
0.0000000000000000
0.0000000000000000
-0.0004351473282114
0.0000000000000000
0.0000000000000000
0.0000000000000000
-0.0031859391340205
-0.0072210210345371
0.0000000000000000
-0.0036768136165986
-0.0001825469339005
0.0000000000000000
-0.0003892221293116
-0.0001273891393989
-0.0023535411909421
0.0000000000000000
-0.0005642407447546
-0.0006548550950214
-0.0025227792109392
-0.0012060534035445
-0.0000065672195246
-0.0006617769852379
-0.0001593583609321
-0.0011938038789703
-0.0005134450718733
-0.0173852275450503
-0.0005457579865364
-0.0000184531441567
0.0000000000000000
-0.0004109661587517
-0.0005896854719829
0.0000000000000000
-0.0013522646149582
-0.0001988717939554
-0.0012889593800534
0.0000000000000000
-0.0001207394337133
-0.0003453117737582
-0.0002624965007225
0.0000000000000000
-0.0034984228206847
0.0000000000000000
0.0000000000000000
-0.0004572212115725
-0.0009803692586630
-0.0001416866052963
-0.0003948199291504
-0.0036196749913646
0.0000000000000000
-0.0053071459553156
-0.0024998994994210
0.0000000000000000
0.0000000000000000
-0.0003683235410978
-0.0004788403827618
-0.0002817913418509
-0.0034881696653528
0.0000000000000000
-0.0029594283795644
0.0000000000000000
0.0000000000000000
0.0000000000000000
0.0000000000000000
0.0000000000000000
0.0000000000000000
-0.0010340992429825
0.0000000000000000
-0.0011980545092083
-0.0007640891988245
0.0000000000000000
-0.0002424952063809
-0.0001254050747832
-0.0001384705357896
-0.0040566900863190
-0.0004213048184329
-0.0006197415369664
-0.0001141665790634
-0.0004888338120601
-0.0013694838785883
-0.0012627047914595
0.0000000000000000
-0.0014966406559731
-0.0025582707464142
-0.0002837397381672
-0.0013804022315700
0.0000000000000000
-0.0000747273934500
-0.0006269011872178
-0.0039718629593279
0.0000000000000000
-0.0012615415189297
-0.0001615418845651
0.0000000000000000
0.0000000000000000
-0.0026916574310221
-0.0121080425342566
0.0000000000000000
-0.0024373511454190
-0.0032826316534962
0.0000000000000000
-0.0038024937354839
0.0000000000000000
-0.0005473636855111
-0.0045762400446687
-0.0001778195975017
0.0000000000000000
-0.0002091511746070
-0.0049747166950098
0.0000000000000000
0.0000000000000000
0.0000000000000000
-0.0004917939000713
-0.0005112383130790
0.0000000000000000
0.0000000000000000
-0.0002156025371018
-0.0008614227419255
-0.0042650357059264
0.0000000000000000
0.0000000000000000
0.0000000000000000
0.0000000000000000
-0.0004278261543016
-0.0004841812957839
-0.0034196522851939
-0.0011706133216141
-0.0010266237998477
0.0000000000000000
-0.0025470107021635
-0.0004232291714708
-0.0001964029934012
0.0000000000000000
-0.0038819349606705
0.0000000000000000
-0.0008083564986876
-0.0001513062862690
0.0000000000000000
0.0000000000000000
-0.0017130687555476
0.0000000000000000
-0.0015198329439361
0.0000000000000000
0.0000000000000000
0.0000000000000000
0.0000000000000000
0.0000000000000000
-0.0005903235620384
-0.0036039745845073
-0.0023393738757473
-0.0036206079475720
-0.0005380904366046
-0.0004783243052024
0.0000000000000000
-0.0015011278511254
0.0000000000000000
0.0000000000000000
-0.0000143249128373
-0.0015203296059099
0.0000000000000000
-0.0005616993769140
0.0000000000000000
-0.0006347307848298
0.0000000000000000
0.0000000000000000
0.0000000000000000
-0.0052648246407045
-0.0040924930737791
0.0000000000000000
0.0000000000000000
-0.0017854871513130
-0.0048097056091390
0.0000000000000000
-0.0034061017151608
0.0000000000000000
-0.0009618742913160
0.0000000000000000
0.0000000000000000
-0.0031253598442520
-0.0002502308668291
0.0000000000000000
0.0000000000000000
0.0000000000000000
0.0000000000000000
0.0000000000000000
-0.0007143672270704
-0.0011299795945332
-0.0034198941837031
-0.0001481268960823
0.0000000000000000
-0.0001481268960823
0.0000000000000000
-0.0024737932328822
0.0000000000000000
-0.0022818332009802
0.0000000000000000
-0.0015779102432578
-0.0002027527346673
0.0000000000000000
0.0000000000000000
0.0000000000000000
0.0000000000000000
-0.0059666716591362
0.0000000000000000
0.0000000000000000
-0.0042805997422626
0.0000000000000000
0.0000000000000000
-0.0000062289779628
-0.0000000010203056
0.0000000000000000
-0.0009759141776460
-0.0057596585207706
-0.0004265574521778
-0.0003990148646409
0.0000000000000000
0.0000000000000000
0.0000000000000000
0.0000000000000000
0.0000000000000000
0.0000000000000000
0.0000000000000000
-0.0004390864268196
-0.0005087329309976
0.0000000000000000
0.0000000000000000
-0.0007683745284233
0.0000000000000000
-0.0002939767059686
-0.0010802395348559
0.0000000000000000
0.0000000000000000
0.0000000000000000
-0.0002271786735335
0.0000000000000000
0.0000000000000000
-0.0018442437739630
0.0000000000000000
0.0000000000000000
0.0000000000000000
-0.0001592501671404
-0.0003272147410955
0.0000000000000000
0.0000000000000000
-0.0002613012388384
0.0000000000000000
-0.0058042421463753
-0.0036963497459741
0.0000000000000000
0.0000000000000000
0.0000000000000000
0.0000000000000000
0.0000000000000000
0.0000000000000000
0.0000000000000000
0.0000000000000000
0.0000000000000000
0.0000000000000000
0.0000000000000000
0.0000000000000000
0.0000000000000000
0.0000000000000000
-0.0035665279728674
0.0000000000000000
0.0000000000000000
0.0000000000000000
-0.0015186667384288
0.0000000000000000
-0.0015186667384288
0.0000000000000000
0.0000000000000000
0.0000000000000000
0.0000000000000000
-0.0005052439982869
-0.0032789479935023
0.0000000000000000
0.0000000000000000
-0.0004674030168808
0.0000000000000000
-0.0030887595418552
-0.0013372341870550
-0.0007051472663875
0.0000000000000000
-0.0001126307334340
-0.0000675992592756
-0.0034214117093185
-0.0032662501699434
0.0000000000000000
-0.0000203552003821
0.0000000000000000
0.0000000000000000
0.0000000000000000
0.0000000000000000
0.0000000000000000
-0.0001652049684875
-0.0000148371093092
0.0000000000000000
0.0000000000000000
0.0000000000000000
-0.0002569827148609
-0.0001953503586627
0.0000000000000000
-0.0010912430830894
-0.0083717273292070
0.0000000000000000
-0.0001366003492347
0.0000000000000000
0.0000000000000000
0.0000000000000000
-0.0004196756224122
-0.0000597687415880
-0.0027114253530707
-0.0001343287246023
-0.0076267840236834
0.0000000000000000
0.0000000000000000
0.0000000000000000
-0.0009581596958981
0.0000000000000000
0.0000000000000000
-0.0001651554470374
-0.0004640983683704
0.0000000000000000
0.0000000000000000
0.0000000000000000
0.0000000000000000
0.0000000000000000
0.0000000000000000
0.0000000000000000
0.0000000000000000
-0.0005703971514333
0.0000000000000000
0.0000000000000000
0.0000000000000000
0.0000000000000000
0.0000000000000000
0.0000000000000000
0.0000000000000000
-0.0021489019511964
-0.0008031417232326