1 2
1 3
1 4
5 6
5 7
5 8
6 9
6 10
6 11
6 12
13 14
15 16
15 17
15 18
15 19
15 20
21 22
21 23
21 24
25 26
25 27
25 28
25 29
30 31
32 33
32 34
32 35
36 37
36 38
39 40
39 41
42 43
42 44
45 46
45 47
45 48
45 49
50 51
50 52
53 54
53 55
53 56
53 57
53 58
59 60
59 61
59 62
59 63
64 65
64 66
64 67
64 68
69 70
69 71
69 72
69 73
69 74
75 76
75 77
75 78
75 79
75 80
81 82
83 84
83 85
83 86
83 87
83 88
89 90
89 91
92 93
92 94
92 95
92 96
92 97
98 99
70 100
70 101
70 102
70 51
70 103
70 104
105 106
105 107
105 108
105 109
110 111
110 112
110 113
110 114
110 115
116 117
116 52
116 118
116 119
120 121
122 123
122 124
125 126
125 127
125 128
125 28
125 129
125 130
131 132
133 134
133 135
133 136
133 137
138 139
138 140
138 141
138 142
138 143
138 144
138 145
138 146
138 147
148 128
149 150
149 151
149 152
153 154
153 155
153 156
153 157
153 158
153 159
153 160
153 161
162 163
162 164
162 165
166 167
166 168
166 169
166 170
93 171
93 172
93 173
93 174
93 175
93 176
177 178
177 179
177 180
181 182
181 183
181 184
181 185
186 187
186 188
189 190
189 123
189 191
189 192
189 193
189 194
195 196
195 197
195 198
199 200
199 201
199 12
199 202
199 203
199 58
204 205
204 206
207 208
207 209
210 101
210 211
210 212
210 213
210 11
210 214
210 215
210 216
210 217
218 11
218 55
219 220
221 222
221 223
221 224
221 225
221 226
221 227
228 229
228 230
228 231
228 232
228 233
234 235
234 128
234 236
237 238
237 239
240 163
240 241
240 242
240 243
240 244
240 245
240 246
240 247
240 248
240 249
240 250
240 251
252 253
252 254
252 255
252 256
257 258
259 260
261 262
261 263
261 264
261 265
261 266
261 267
261 128
261 268
261 269
261 270
163 271
272 273
272 274
272 28
272 129
272 275
276 277
278 279
280 281
280 282
280 283
284 285
284 286
284 287
284 244
284 248
284 288
284 289
284 251
284 258
284 290
291 292
293 294
293 295
293 296
297 298
297 128
297 12
299 300
299 301
299 302
299 185
299 303
299 304
299 305
306 307
306 308
309 310
309 12
309 311
312 235
312 128
313 314
313 315
313 316
313 317
313 318
313 319
313 320
313 321
313 128
313 322
313 323
313 324
325 326
325 327
325 27
325 328
325 28
325 329
325 330
325 331
325 290
332 333
332 334
332 335
332 336
332 337
332 338
339 340
339 341
339 342
343 344
343 345
346 201
346 347
346 348
349 350
349 351
352 353
352 354
352 355
356 357
356 358
356 359
356 360
361 362
361 174
363 364
363 365
333 366
333 336
333 337
333 367
368 369
368 370
368 371
372 167
372 373
372 55
372 374
187 375
187 376
340 377
340 378
340 379
340 380
340 381
340 382
340 383
340 384
340 246
340 385
340 386
340 387
340 388
340 274
340 389
340 390
340 271
340 391
340 392
340 393
340 394
340 395
340 396
340 397
340 398
340 399
340 108
340 400
340 401
340 402
340 403
340 404
340 405
340 342
340 406
407 408
407 409
407 410
407 411
407 412
407 413
407 191
407 414
407 192
407 415
416 417
416 418
416 419
416 128
420 421
420 422
420 423
420 424
420 425
420 426
427 428
427 429
430 431
430 432
430 433
430 434
435 436
435 327
435 437
435 200
435 438
435 439
435 440
435 441
435 442
435 176
435 443
444 445
444 446
444 447
444 448
444 449
444 450
444 451
444 452
444 453
444 29
444 289
444 454
444 455
444 456
444 457
444 233
444 458
444 459
444 460
444 461
444 462
463 464
465 466
465 467
468 469
111 112
111 113
111 114
111 115
111 470
471 29
471 472
473 34
473 128
473 474
475 476
475 477
475 478
475 479
475 480
475 481
475 482
475 483
484 76
484 485
484 486
484 487
484 488
484 489
490 238
490 491
490 369
490 492
262 493
262 494
262 270
495 496
497 498
497 499
497 500
497 501
502 503
502 504
502 505
476 506
476 507
476 508
476 509
476 510
476 511
476 485
476 512
476 513
476 514
476 515
476 516
476 517
476 518
476 519
476 520
476 521
476 522
476 523
476 524
476 525
476 526
476 527
476 528
476 529
476 530
476 531
476 532
476 533
476 159
476 534
535 536
535 537
535 538
535 539
535 540
541 542
541 543
541 128
541 544
541 545
541 546
547 485
547 548
547 480
547 549
550 295
550 551
550 552
553 517
553 554
553 555
556 557
558 559
558 560
561 562
561 563
564 565
564 566
564 567
564 568
564 569
564 570
564 375
564 571
564 572
564 573
564 574
564 255
564 575
564 576
564 399
564 577
564 578
564 579
564 580
581 582
581 583
581 584
581 585
581 586
581 587
588 589
588 590
588 591
588 592
588 593
594 595
594 596
594 597
594 598
594 599
594 600
594 601
112 114
112 115
113 115
113 470
506 485
506 602
506 603
506 604
605 606
605 607
608 510
608 485
608 609
608 480
608 531
608 610
611 470
612 613
612 614
612 615
612 86
616 307
616 617
377 618
377 405
619 620
619 621
622 582
622 623
622 624
622 625
622 587
507 626
507 627
507 480
507 628
507 629
507 630
507 531
507 79
631 632
633 634
633 534
633 635
636 637
634 635
634 638
634 639
640 510
640 485
640 641
76 485
76 642
76 643
76 480
76 644
76 531
645 646
645 647
648 649
648 650
648 55
651 446
651 652
651 289
651 355
651 457
653 654
653 101
653 51
655 656
655 657
655 658
655 659
656 657
656 660
656 661
656 658
656 662
663 664
663 665
663 666
663 667
663 668
669 670
669 671
672 673
672 674
672 675
672 211
672 676
677 273
677 28
677 43
677 678
679 680
679 681
679 682
683 12
683 684
683 97
683 685
190 409
190 97
190 686
508 510
508 485
508 514
508 480
508 531
687 688
687 689
687 690
687 691
687 692
687 128
687 693
687 694
687 695
687 696
687 697
687 698
417 418
417 419
417 128
417 699
417 700
417 701
418 419
418 128
418 699
418 701
702 101
702 51
702 703
702 704
54 705
54 51
54 55
706 705
706 707
708 709
708 710
708 384
708 711
708 12
708 712
708 713
714 375
714 399
378 242
378 387
378 715
378 716
717 241
717 718
719 101
719 720
719 721
719 722
723 724
723 725
726 727
726 728
726 729
726 730
727 729
727 731
732 733
732 721
734 266
734 128
735 736
735 737
735 738
739 740
739 741
739 742
739 743
739 744
745 746
745 747
745 128
745 748
749 750
749 128
749 751
749 752
182 183
182 753
182 185
182 754
182 464
182 755
509 756
509 557
757 758
757 759
757 760
757 761
762 763
764 765
764 756
764 12
705 736
705 737
705 766
705 767
705 768
705 769
705 770
705 771
772 301
772 773
772 774
772 775
776 777
776 778
777 778
777 779
780 781
782 783
782 784
785 786
785 787
785 788
785 789
785 790
785 791
792 793
794 543
794 795
796 797
796 84
796 538
796 798
799 800
799 754
801 802
801 487
801 392
801 803
801 530
801 804
805 806
807 307
807 606
808 809
808 810
808 811
808 812
808 813
436 814
815 167
815 816
815 424
765 756
765 817
818 819
820 821
820 822
823 824
823 825
100 783
100 826
100 101
100 51
100 12
100 827
828 829
828 830
828 831
828 832
833 834
833 835
833 123
833 836
833 822
837 380
838 51
838 822
310 311
839 763
840 841
241 247
241 842
241 843
241 844
241 845
241 846
241 666
241 847
718 848
718 389
718 398
718 849
850 851
657 658
657 659
852 853
854 51
854 12
854 531
855 856
855 51
857 858
857 859
857 860
861 862
861 200
861 863
861 864
861 767
861 865
861 866
861 771
861 867
861 145
861 868
869 178
869 870
869 856
871 872
871 419
871 873
874 419
875 876
877 878
877 879
877 18
880 52
880 55
881 882
883 51
884 885
884 886
887 888
887 889
887 128
887 493
887 481
890 891
890 892
890 893
890 894
895 896
895 897
895 898
895 899
895 52
756 900
756 901
756 902
756 51
756 903
756 464
900 904
900 51
900 905
900 12
906 517
906 907
908 51
510 485
510 84
510 909
510 531
510 910
510 911
510 610
912 913
914 915
285 287
285 916
285 643
285 917
285 918
285 919
285 920
285 921
285 849
285 251
285 233
285 258
740 741
740 742
740 922
740 743
923 220
924 134
924 925
924 926
924 927
858 809
858 860
858 928
858 929
930 931
930 84
930 128
930 932
933 934
933 935
936 937
936 128
936 121
936 938
939 940
941 942
941 943
941 944
945 946
945 552
945 947
948 949
950 951
950 178
950 952
950 953
950 870
950 856
950 954
955 956
955 557
955 137
955 957
951 178
951 870
958 178
958 959
565 960
565 572
565 578
961 742
353 962
353 963
353 360
408 123
408 411
408 964
408 965
408 413
408 124
562 563
966 967
968 969
968 970
968 51
968 893
971 302
971 774
972 689
972 973
972 235
974 975
974 976
974 977
974 978
979 220
980 981
980 982
980 983
980 984
985 986
985 712
985 987
988 989
988 990
33 991
33 992
33 993
33 994
995 134
995 925
995 996
995 997
995 927
724 998
724 999
724 1000
724 1001
1002 400
1003 1004
1003 1005
1006 1007
1006 1008
1009 1010
1009 1011
1012 1013
1012 1014
1012 1015
709 710
709 382
709 557
709 822
1016 1017
134 1018
134 1019
134 1020
134 925
134 996
134 579
134 927
134 1021
134 1022
1023 452
1023 331
34 1024
34 1025
34 1026
34 866
34 1027
34 1028
294 551
1029 1030
1029 1031
366 334
366 335
366 336
366 337
366 338
366 367
1032 1019
1032 1033
139 816
139 141
1034 1035
1036 1037
511 128
511 1038
1039 1040
1039 536
1039 746
1039 1041
1039 1042
1043 743
1044 1045
1046 1047
1048 485
1048 1049
1050 1051
1050 1052
1053 973
1053 1054
783 101
783 1055
783 856
1056 1057
1056 898
1056 1058
1059 1060
1059 1061
1059 1062
1059 1000
1059 1001
379 380
379 1063
1064 543
1064 545
1065 485
1065 1066
1065 1067
1065 598
1065 1068
1069 1067
1069 628
1069 1070
1018 1071
1018 1072
1018 1022
1073 28
1073 667
485 1074
485 1075
485 1066
485 1076
485 513
485 627
485 40
485 548
485 515
485 1077
485 569
485 1078
485 570
485 487
485 1079
485 1080
485 1067
485 916
485 643
485 1081
485 557
485 1082
485 518
485 84
485 598
485 1083
485 1084
485 477
485 520
485 602
485 1085
485 1086
485 609
485 909
485 1087
485 157
485 1088
485 1089
485 1090
485 1091
485 1092
485 524
485 488
485 525
485 158
485 1093
485 527
485 1094
485 1095
485 1096
485 1097
485 1098
485 529
485 1099
485 531
485 910
485 1100
485 911
485 549
485 1101
485 1102
485 1103
485 1104
485 1105
485 1106
485 1107
485 867
1108 1109
1074 1066
1074 1068
1074 628
1074 531
1110 1111
1110 1112
1110 1113
680 1114
680 1115
680 1116
680 1117
680 1118
680 1119
680 1120
680 1121
680 1122
680 1123
680 1124
680 1125
680 1126
680 1127
680 1128
680 1129
1130 1131
1130 1132
1130 1133
1130 1134
1135 932
1135 1038
1135 989
1136 1137
1138 480
1138 712
1139 1140
1139 358
1139 29
1139 1141
1139 1142
654 101
654 1143
654 1144
654 1145
654 1146
654 1147
654 1148
654 903
654 769
1149 521
1149 526
512 516
512 51
512 531
1150 1151
1152 1153
1152 1154
991 1155
991 1156
242 381
242 250
242 1157
1158 1159
1158 1160
1158 853
1161 245
1161 1162
688 128
688 697
1163 1164
1163 1058
1163 35
1163 1165
1163 1166
1040 1167
1040 831
1075 1095
1075 1168
421 155
421 425
1169 271
1169 1170
9 1171
9 784
9 424
9 1172
1173 128
1173 1174
445 447
445 301
1175 51
1175 12
1176 1123
1176 1129
1177 321
1177 128
1177 1178
1177 641
1179 870
1179 856
1179 1180
1181 1182
1183 1184
1183 415
1185 1186
1185 128
1185 1187
1185 1188
1185 531
1189 84
1189 1190
1131 51
1191 1192
1191 307
1191 466
1191 834
1191 1193
1194 763
1195 1196
1195 128
357 1140
357 358
357 652
1153 1197
1153 1198
1153 1031
1199 1200
1199 1201
1199 165
1066 632
1066 1080
1066 480
1066 157
1066 488
1066 1202
1066 1093
1066 1101
1066 1102
1066 1106
1066 1107
1203 52
1114 1204
1114 1123
829 830
829 832
829 1205
1206 344
1206 345
1206 1207
1208 1209
848 381
848 1210
848 341
848 1211
1212 1213
1212 879
1212 128
1212 1214
1215 68
1216 1192
1216 1085
1216 1217
1218 1219
1218 1220
1221 841
1222 440
1223 1224
689 973
689 690
689 65
689 1225
689 128
689 1226
689 66
689 1227
689 68
967 1228
1229 710
1229 711
1229 1230
1229 12
1231 1232
1231 990
1233 1234
1233 1235
1233 1236
1233 1237
1233 1238
1233 1239
1233 1240
1241 1242
1241 1243
614 1244
614 1245
614 1246
614 85
1247 1248
1247 1249
1247 1245
1247 1246
1247 220
1247 1250
1247 88
1251 1252
1251 1253
1251 1254
1251 1255
26 1256
26 27
1004 1257
1004 1005
1004 1258
1004 1259
1004 1260
1004 1261
1262 123
1262 1263
1262 1264
1262 1265
872 1266
872 1230
1267 1268
1267 200
1267 1269
1267 1270
673 675
582 624
582 625
582 1271
582 587
1272 1273
1272 1274
1272 1275
674 676
674 1276
802 1277
802 55
1111 200
1111 1278
1111 1112
1279 480
1279 521
1242 1280
1242 1243
1281 1282
1281 1283
1281 1284
901 515
901 1285
566 1286
566 1287
1192 1288
1192 1289
1192 1290
1192 1085
1192 1291
1192 1292
1293 1294
298 1295
298 12
298 1296
615 1248
615 1246
615 1297
615 1298
615 85
1299 1300
1301 897
1301 1302
1301 1303
1301 1304
1301 1305
1306 1307
1306 1308
1306 63
1309 899
1309 1310
1311 1171
1311 1312
1311 1313
1311 638
1314 1315
1314 1316
626 326
626 1317
626 523
626 161
1318 1249
238 200
238 369
238 1313
238 170
1319 178
1319 1320
1319 870
1319 856
1319 1321
1319 1322
1319 1323
1324 1325
1324 1326
1324 1327
1324 1328
1324 751
1324 1329
1324 1330
1331 1332
1331 1333
1334 127
1334 1335
1334 667
1334 668
632 1336
632 1337
1338 1339
1338 1340
1338 1341
1338 1342
1140 652
1140 448
1140 1343
1140 472
1339 521
1339 1341
1339 1101
1344 1345
1344 1346
1347 1313
1347 1348
1347 1349
1347 1350
253 255
253 256
1351 956
380 652
380 1352
380 383
380 1353
380 386
380 1354
380 387
380 274
380 271
380 1355
380 392
380 1356
380 396
380 136
380 398
380 402
380 342
380 233
1357 515
1357 51
1076 84
1076 481
1076 55
1076 1358
821 822
1359 225
1359 1360
1361 1362
358 652
358 359
1363 1364
1363 1277
1365 1366
513 548
513 524
513 629
513 1093
513 528
513 529
1367 931
1367 1368
1234 1235
1234 1369
1234 1198
1234 1370
167 1371
167 1372
167 1373
167 169
167 1374
167 1375
167 1376
167 768
167 1377
167 423
167 214
167 1378
167 1379
1380 1381
1382 1383
1382 1384
1385 1386
1385 1154
1387 1364
1387 742
1388 354
1388 1389
1388 1390
1388 1015
1388 1391
1392 1393
1392 200
1392 1394
1364 589
1364 381
1364 1395
1364 591
1364 1396
1364 1397
1364 1398
1364 926
1364 1399
1364 390
1364 1400
1364 947
1364 1401
1364 1402
1364 1403
1364 618
1404 381
1404 1405
1404 432
1404 433
1404 1406
1407 1405
1407 245
1407 716
1407 249
1407 1408
1407 1406
1409 543
1409 1410
1411 307
1411 1412
1411 150
1411 151
1411 152
1411 1413
307 568
307 1414
307 1415
307 584
307 159
307 308
816 140
816 1416
816 141
816 143
816 146
816 1417
1418 1419
1418 942
1418 943
1418 440
1420 1421
1420 1422
1420 646
1420 647
1420 1423
1420 1424
1420 1425
1420 1426
1427 1428
1427 1429
567 1430
567 573
254 255
254 256
254 1431
1432 975
1432 1220
1432 977
1432 978
314 1433
314 1254
314 365
1434 1435
1434 1276
1436 1414
1436 1437
1436 1438
627 1439
627 480
1440 1441
1440 1113
1440 1442
568 570
568 557
568 220
568 522
568 1443
568 1157
568 1444
568 305
568 1445
1446 1447
1446 1260
1446 1448
446 652
446 326
446 1449
446 453
446 455
446 460
446 1450
446 806
222 1451
222 227
222 1360
606 1452
606 1453
606 1454
606 1455
514 480
514 1341
1456 12
1456 1457
1456 1458
1459 1277
1459 847
1460 1461
1462 95
1462 96
1462 944
1462 440
1325 1463
1325 67
1325 1464
1201 1465
1201 1466
1201 822
1201 1467
1468 65
1468 1469
1468 128
1468 1470
1468 24
1471 1071
1471 51
1471 1472
1473 1474
1473 1475
1473 1476
1477 1478
1477 1467
1477 817
1479 7
1479 834
1479 835
1479 1480
1479 836
1481 301
1481 401
1481 406
975 1482
975 976
975 1483
975 1484
975 1298
975 1485
809 1486
809 928
1487 1488
1489 1490
40 1491
40 1492
40 12
1273 1274
1273 1275
1493 590
1493 947
1493 1494
623 1495
1496 101
1496 746
1496 1497
1496 1253
1496 1042
1496 1498
1499 1500
1499 267
1499 52
1499 1270
862 737
862 768
862 52
862 1501
862 1502
862 1503
862 1504
862 707
589 591
589 593
486 1077
486 602
486 1505
486 488
486 910
486 1506
277 1507
277 27
277 1490
1393 57
1393 203
1393 58
548 1079
548 1508
548 1090
548 524
548 1509
548 1093
548 1095
548 1510
548 549
1421 1511
1512 128
1512 1513
1512 1514
1515 1516
1515 926
1515 274
1515 1013
1515 1517
1515 137
1515 1403
1515 1518
1515 1519
1520 1521
1520 1522
1520 1369
1520 1523
1520 1276
1520 1524
1520 1525
1295 1526
1295 921
1527 38
1528 1529
1528 1530
1528 659
1531 183
1531 956
1531 1532
1533 290
381 1534
1535 1536
1535 1537
1538 1539
1540 128
1540 1041
1019 671
1541 1542
1541 743
1541 423
1543 137
1543 406
1543 1544
1336 1078
1336 1545
1336 1546
1336 477
1336 1439
1336 1547
1336 478
1336 77
1336 525
1336 1232
1548 301
1548 1549
1548 185
1548 1550
178 952
178 1051
178 959
178 953
178 1551
178 870
178 1552
178 954
178 1322
178 1323
178 1553
178 1554
1555 1556
1557 1258
1557 1259
1557 1558
1559 301
1559 926
1559 1560
1561 896
1561 52
741 742
741 922
741 743
1562 931
1562 1213
1562 1368
590 1563
590 397
590 947
1422 647
1422 1564
1422 1426
1422 1565
1422 1511
1566 397
1566 1567
1568 1569
1568 1519
135 1020
135 1570
135 1022
515 101
515 1571
515 520
515 1572
515 628
515 12
515 530
515 531
1573 101
1574 351
1371 1575
1371 1576
1577 1578
1577 1579
1577 543
1577 128
1577 494
652 1580
652 289
652 455
652 1581
652 232
652 360
652 457
652 233
652 458
1582 931
1582 1583
1582 1584
1582 751
1585 1586
1587 1588
1587 1589
1587 1590
1591 301
1591 155
1591 159
1592 117
1592 707
1593 51
1593 1594
1595 751
1595 1366
885 264
885 750
885 1596
1597 1598
1597 1599
1600 536
1600 893
660 661
660 658
660 1601
660 659
1602 1603
1604 956
1604 255
1604 331
295 551
295 220
295 1605
498 1474
498 624
498 625
498 1606
498 1607
1077 1084
1077 480
286 1608
326 453
326 523
326 330
326 460
326 1450
1609 1610
1609 1611
1612 101
1612 51
1613 982
1613 1545
1613 1614
1613 1615
1613 1616
896 1617
896 52
902 755
1578 543
1578 128
1578 462
710 711
710 1618
710 1230
710 1619
710 713
569 1620
1621 1013
1622 480
1622 529
1623 269
315 317
315 320
315 1624
315 1625
1482 1483
1482 209
1626 1627
1626 1628
1629 16
1630 1288
1630 1085
1630 1631
1630 1292
516 519
516 51
516 531
797 538
797 494
931 746
931 1632
931 1633
931 1634
931 1368
931 932
931 322
931 540
1635 666
1635 12
536 1636
536 1637
536 538
536 1638
1639 1640
1639 1641
1639 52
1642 921
1642 1643
826 827
1644 382
1644 1645
1646 28
1646 678
1646 258
1078 1647
1078 1476
1078 1648
1649 1542
1649 743
1649 423
1650 1651
1542 1171
1542 52
1542 1652
897 1302
897 1653
897 1654
897 1303
897 1655
897 1656
897 1305
897 1657
897 1658
897 1659
981 1660
981 1517
981 1661
1662 1663
1662 1664
1662 1665
263 878
263 128
263 751
263 1463
263 1041
263 67
263 1464
570 255
570 480
570 1666
646 1667
646 1668
334 337
334 338
1184 647
1184 1424
1184 415
1184 1426
1669 1628
327 1670
327 1671
327 331
1672 1673
140 141
140 1061
595 597
595 598
595 521
1674 220
1674 1675
1676 1677
1676 1678
1676 1679
1676 1680
1676 806
1681 1682
1352 836
1352 1683
1684 1685
1684 1686
1687 16
1687 17
1687 20
183 184
183 1532
183 185
1688 1689
1688 289
101 1690
101 1143
101 1144
101 904
101 1691
101 1224
101 1692
101 1693
101 1147
101 1694
101 106
101 720
101 1695
101 102
101 1148
101 1696
101 905
101 703
101 1697
101 1616
101 722
1698 61
1698 62
1699 406
1700 984
350 1701
350 1702
350 1703
350 1148
350 1704
350 531
300 302
300 1534
300 185
300 1705
1706 1693
1706 1707
117 11
117 1503
117 118
117 1708
1057 1709
1057 1447
487 480
487 549
264 886
264 1710
264 128
264 1711
264 1712
264 1713
517 1516
517 1714
517 554
517 1715
1716 1717
1718 1719
1186 128
1720 1721
1720 1722
1720 1723
265 1724
1725 128
1725 236
1725 1296
1725 1329
1726 1372
1726 55
1037 1727
1478 1728
1478 1707
946 1399
946 947
946 341
1729 1730
1729 650
1729 1731
1729 1732
647 1424
647 1426
1733 27
1733 1734
1735 1736
1252 128
1252 1737
1252 1738
1416 424
1416 97
1416 685
1739 543
1739 269
1739 1740
1739 24
750 886
1741 557
1636 1742
1743 1744
2 51
2 1745
1063 983
1746 1747
1748 1749
1690 1750
998 1751
998 1752
998 1753
998 1754
998 1509
998 1000
1755 1756
1307 1757
1307 1758
1307 60
1307 1759
1307 1760
1761 1762
1677 806
1647 1763
1647 574
1647 1648
184 956
184 1764
184 1439
184 1316
1765 1766
1765 432
1765 1767
1765 128
1765 433
1765 1220
1765 977
1765 1768
1765 1271
1765 1286
1765 1769
1765 586
1474 624
1474 1767
1474 1606
1770 220
1771 1560
1771 1772
1773 690
1773 831
1773 1774
1773 1775
1773 1776
1773 1227
1773 1232
243 1397
243 716
243 1408
243 1777
243 1494
243 1160
1778 1779
1079 549
1080 1107
1213 1780
1213 1781
1213 1782
1213 1783
1213 1784
1213 989
1213 1785
1213 1786
1213 1787
1213 1788
1789 1260
344 345
642 480
466 1790
466 1791
466 1437
466 1792
466 518
466 467
466 482
466 1517
466 1495
466 1793
466 397
466 1794
466 552
466 1795
1796 1797
1685 1686
1798 51
1171 146
1171 424
1020 136
1020 137
1449 1799
1449 806
1800 1801
1800 1802
1800 1803
986 1804
1414 557
1414 678
1266 1805
1806 666
1806 12
1807 666
437 1808
1345 1809
1345 1719
1810 1811
1268 200
1812 1813
1814 460
1815 1560
1815 1816
1815 1817
1815 12
1818 557
1818 1671
1819 620
1819 621
1820 1821
1820 128
1822 128
1822 206
746 747
746 1560
746 128
746 1188
746 748
746 932
746 1253
746 493
746 269
746 1042
746 1498
1521 1369
1823 543
1823 1824
1823 1825
1823 128
1823 493
1826 55
1826 1381
1827 1828
447 1829
447 576
447 1830
1831 1832
1831 1833
1340 1834
1340 1835
1340 373
1340 1341
1340 1342
1340 489
1340 530
1340 1836
382 1645
126 273
141 1837
1838 51
1838 531
1838 1839
1840 1841
617 1842
617 1300
617 1843
1844 1845
1844 1846
1844 1847
1844 1848
1844 1849
1844 1850
1844 1851
1844 1852
1844 1853
1854 1855
1854 1856
1854 1287
1288 1857
1288 1858
1288 1085
1288 1291
1288 1859
1288 1292
1860 1010
1860 123
1860 965
1860 97
1860 124
1861 1829
1862 1571
1862 128
1862 1863
1862 1360
1864 1607
1864 1865
223 224
223 1863
223 225
956 1866
956 1867
956 578
956 1859
1868 1869
1868 774
1868 1170
1870 1871
211 1872
1873 1270
1701 52
1701 1148
1701 1874
1875 666
1405 28
1405 668
1405 1876
1067 480
1067 52
1248 220
1877 1878
1879 1880
1879 1881
1879 1882
1879 1883
1879 1884
37 38
1885 107
1885 406
1885 1886
1412 1689
1412 1887
1412 1534
1412 1888
758 1523
758 1370
1889 1890
1889 1891
1764 1892
1764 151
1764 755
1764 1893
1801 1894
1801 1895
1801 51
1801 1707
1896 1897
1896 1898
1896 460
1896 1899
973 1227
973 1054
200 1900
200 1373
200 168
200 1901
200 170
200 1902
200 1269
200 1204
200 347
200 1342
200 1903
200 1904
200 1905
200 108
200 1906
200 1112
200 1270
200 1907
200 1908
200 202
200 1467
448 449
448 1909
448 962
448 1910
448 963
448 1343
448 472
448 459
448 1911
448 1912
1842 1300
1842 1913
1842 1914
1842 1793
1842 1915
1842 1916
1842 1917
1842 1843
449 1909
449 962
449 1910
449 963
449 1918
449 1343
449 459
449 1911
383 1919
383 1920
383 1661
383 1921
383 342
127 273
127 667
127 129
1300 1913
1300 1914
1300 1793
1300 1915
649 650
649 1922
1923 637
1923 1924
1923 1925
1923 1821
1923 533
1926 1085
1926 1217
1926 1291
384 711
384 1927
384 1645
384 12
878 879
878 128
711 1618
711 12
711 1619
711 713
1024 451
1024 1928
551 574
1007 235
1007 1929
1007 543
1007 128
1007 1930
1007 1931
1007 694
1007 1932
1007 394
1007 1893
1008 1933
1008 331
1934 220
1909 1935
1909 1936
1909 1911
1937 1938
1937 1232
1937 990
1939 1919
1939 1495
1940 128
1940 1085
1940 1292
1941 1942
1941 1271
1941 1888
742 1397
742 1943
742 922
742 743
742 1944
742 744
1945 1946
1945 128
1945 1947
542 128
542 544
542 545
1900 96
1637 1948
1637 1497
1637 1638
1637 1949
1637 1950
1951 413
1951 1952
1953 1508
1953 1713
1829 1954
1955 1956
1955 128
1955 1226
1955 1957
1757 1308
1757 63
1143 1144
1143 1147
1143 903
239 969
239 51
239 1958
1959 1960
1959 322
1959 1961
1962 667
1963 893
1963 1284
244 273
244 248
1964 1965
1966 84
1966 155
736 56
1320 870
1320 856
1967 1846
1967 1671
1967 1968
1967 185
1967 1969
1846 1671
1846 1968
1846 1970
1846 185
1846 1969
1846 137
1971 1972
863 1973
1751 1753
1751 1974
1751 1975
1751 1976
1977 1978
1977 51
1979 1447
1980 1981
1982 212
1982 1732
1982 1922
1982 214
1982 215
1983 965
1983 96
737 738
737 52
766 55
766 1381
864 1348
864 1984
864 12
864 1985
1986 1607
1986 978
1986 1865
1986 1987
1373 169
1373 170
1373 1988
1702 1989
1702 52
1956 235
1956 1825
1956 128
316 1990
316 128
316 1991
316 1042
1992 1993
1992 1994
1992 1995
1992 1996
1997 1998
1990 1999
1990 2000
1990 1254
1855 2001
1855 1856
1855 1833
596 2002
1586 2003
2004 2002
1010 123
1010 684
1326 1328
1790 2005
1790 1809
1790 2006
1752 1754
1752 526
1752 1061
982 836
982 2007
982 984
2008 2009
2010 2011
2010 1756
952 953
952 870
952 856
1182 1976
2012 1753
2012 598
2012 2013
2012 1061
246 387
246 107
246 405
246 341
591 592
591 1402
591 2014
591 593
419 700
419 701
419 1805
1353 1033
690 128
690 1226
1999 2000
1847 137
1500 543
1500 128
1500 1041
1500 2015
2016 2017
2018 1041
1516 1714
1516 2019
1159 1398
1159 1141
1159 1033
1423 1996
1423 1426
2020 2021
1791 185
1791 2003
637 1924
637 128
637 2022
637 2023
637 533
2024 2025
763 2026
763 1750
763 2027
763 2028
763 2029
763 2030
620 317
620 2031
2032 2033
2032 1664
2032 2034
2032 52
1571 301
1571 926
1571 572
1571 909
1571 911
1571 2035
2036 2037
2036 1198
2036 2038
925 2039
925 926
925 927
1507 2040
1507 1912
2041 1865
2041 1715
385 55
375 404
1545 2042
1545 2043
976 978
1005 1259
2044 305
2044 2045
889 1948
889 1570
1302 2046
1302 1305
1869 774
1869 2047
386 274
386 341
2048 1492
2049 543
2049 128
2049 544
834 835
834 1437
834 1480
834 552
2011 704
2050 2051
2050 1198
835 1480
835 2052
2053 233
2053 2054
1508 2055
1508 2056
1508 2057
2058 2059
2058 271
2058 1463
450 2060
450 2061
450 2062
169 170
169 1988
491 369
491 492
2063 2064
179 2065
1780 1781
1780 1782
1780 2066
1780 2067
1780 1785
1780 1786
1780 1787
1780 1788
2039 2068
2039 996
2039 2069
2039 2070
2039 2071
2039 1518
2039 2072
904 2073
904 51
904 905
1653 2074
1653 2075
1781 1782
1781 2076
1781 1214
2077 2078
2077 870
2077 856
969 128
969 970
969 1472
969 2079
2080 51
1115 681
1115 682
1115 1124
1115 1129
317 128
317 2031
317 2081
2082 1051
2082 1052
2082 953
2082 870
2082 856
2082 2083
1396 1397
1396 2084
1312 1984
2085 557
2085 301
2086 2087
2086 2056
2088 128
886 1596
1397 1398
1397 1494
1397 1062
1730 2089
916 643
916 480
916 521
1721 1722
1721 2090
2000 2091
2000 2017
2000 2092
2093 1919
2093 1563
1766 2094
1766 2095
1116 1129
1753 142
1753 143
1753 1061
1758 2096
1758 63
150 2097
150 151
150 152
664 2098
664 248
664 2099
664 390
664 666
664 249
664 374
428 2100
428 429
428 2101
1055 2102
1055 2103
1055 12
1897 27
1897 1898
1897 2104
1897 1944
1897 460
2105 1946
2105 128
2105 205
1430 577
1430 2106
624 2107
624 1606
624 587
1289 1821
1289 1085
1289 1217
1654 1305
1654 1658
2108 302
2108 2109
1965 301
643 480
643 1102
142 143
142 2110
142 1976
2111 1381
2112 318
2112 989
2112 2113
2112 2114
2115 2116
2117 2118
2119 2120
2119 856
2119 2121
2122 128
1145 2123
2124 185
2124 2125
2124 2126
2127 2002
2127 2128
1754 1061
2129 2130
2131 3
71 73
71 74
1164 2132
1164 1165
2133 128
2133 2134
1274 1275
2135 2136
1596 1632
438 1808
1437 557
1437 1704
937 266
937 938
937 2076
937 1599
2137 1546
2137 1547
2137 2057
1727 2138
1727 1503
2139 2140
2141 2142
2143 2144
2145 2146
2145 1732
2147 2148
2149 1616
2150 84
2150 1190
2150 2151
2150 755
2152 440
2152 2153
1834 1813
1834 1341
1834 1342
1167 128
1569 24
2154 2155
2154 2156
2154 2157
1811 2158
753 2159
753 185
1522 2160
1938 879
1938 128
1938 1775
1938 1776
1938 2161
1938 1232
1938 2162
1081 84
1081 1095
2163 2164
1978 641
1978 2165
1998 2166
1998 1985
1998 2167
2168 1901
2168 2169
2168 1441
2168 768
2168 1665
2168 2170
2168 52
123 411
123 2171
123 412
123 1588
123 1952
123 96
123 526
123 686
123 193
123 194
123 1263
123 1264
962 2040
962 963
962 1936
2040 1390
2040 459
2172 2173
1691 2174
1691 12
1857 1085
1857 1631
1857 1291
1857 1292
65 128
65 1296
499 501
2175 1025
2175 1028
2175 2176
2175 790
557 84
557 2177
557 1230
557 404
557 2178
557 2179
2180 2181
2182 351
2183 2184
2183 2185
2186 2187
2188 2184
2188 128
1579 451
1579 2189
1579 44
1579 2190
1579 2191
597 602
597 480
2192 1894
2192 1895
2193 2194
2193 17
2193 2195
2193 19
2193 20
2196 1381
1608 2009
1608 2197
1948 1146
1948 2198
1948 128
2199 2200
2201 2202
2203 573
2203 1989
2203 1438
2203 2204
1117 2205
1117 856
1848 331
1663 201
1663 347
1663 847
2206 274
2206 1394
2206 804
1235 2207
1235 1369
1235 1198
1235 676
778 779
2184 235
2184 1946
2184 2185
2184 1296
1196 128
1025 1058
1025 993
46 49
650 1732
650 1922
650 55
1224 1570
1224 121
1224 2208
2209 2210
2209 52
2211 2212
1910 2213
1583 879
1583 751
1583 1366
2214 28
2214 2215
2214 668
2214 2216
1082 2057
1419 440
1835 373
1835 1341
1835 1342
1835 1094
301 2217
301 288
301 1466
301 774
301 469
301 1230
301 2218
301 1355
301 522
301 2219
301 1784
301 2220
301 1343
301 592
301 1356
301 2071
301 2096
301 2221
301 396
301 1162
301 256
301 136
301 576
301 531
2222 1984
1837 2009
1837 1975
1837 1872
1837 2223
1837 2224
1837 2225
1837 670
1837 1375
1837 2226
1837 528
1837 2227
1837 441
16 17
16 20
1678 1722
1678 806
2228 2229
2230 1772
767 56
767 57
767 203
2231 847
625 2232
625 1453
625 1856
625 2233
625 2234
2235 51
2235 12
2235 2236
1256 27
2116 451
2116 55
2116 2237
2238 406
571 580
212 1732
747 2031
318 2136
318 1774
318 989
318 2239
318 1991
2240 1045
1327 1712
1327 1330
1632 128
1632 1329
2241 543
2241 1825
2241 128
2241 1041
1710 2242
1710 128
1710 2243
1710 1513
1710 1713
27 2244
27 328
27 2245
27 2246
27 2225
27 329
27 289
27 2247
27 304
27 2248
27 330
27 455
27 2249
27 2104
27 1936
27 2250
90 847
518 2251
518 1509
422 2252
422 2253
422 1000
422 2254
2244 2255
2244 2250
2065 2256
2065 893
2065 2257
810 2258
810 2259
810 2260
810 2261
810 2262
810 1435
810 174
810 2263
810 812
143 424
143 1061
2264 51
891 892
2205 2265
2205 2256
2205 1349
2205 2266
2205 1129
2102 1349
728 730
2267 1874
2268 996
2269 2270
2271 220
1974 2148
1974 1976
1901 1902
1901 52
1303 1656
1304 1305
1304 1657
369 1313
369 1505
369 2272
2273 1572
266 1584
266 2091
266 1504
266 1713
1892 84
1892 1763
1892 128
1892 2001
1892 269
1892 2142
2274 2207
2274 1369
2274 1198
2274 1370
84 538
84 128
84 1832
84 1085
84 155
84 269
84 2023
84 989
84 630
84 1094
84 1095
84 1096
84 1492
84 2239
84 1097
84 345
84 1098
84 529
1146 2275
2276 560
2276 2219
2276 2277
2278 1803
2278 51
1290 1085
1290 1859
1290 1292
247 1670
247 185
273 129
273 1021
2258 2263
2279 2110
2279 1062
1155 1734
1155 1156
1155 1282
2280 1709
2281 2282
2281 1705
2281 2283
2281 406
1802 1803
1802 1028
1802 2176
410 1264
1925 1317
1317 156
1317 1103
60 61
60 1308
60 62
60 1759
60 63
2194 17
2194 20
2284 2285
2284 1560
2284 1884
61 62
61 1759
61 63
411 2286
411 1952
411 192
898 1058
898 52
898 12
898 2287
1313 2288
1480 836
1480 822
2120 2289
2120 2290
2120 2291
2265 1349
2265 2292
1692 51
1258 2293
1258 1259
1258 1558
1564 2294
1564 1425
1564 1426
1564 1565
235 2295
235 1946
235 128
235 2296
235 364
235 2297
235 2298
235 2299
235 2300
235 2301
235 2302
1689 2303
2285 1882
2285 1884
1693 52
1693 2304
1693 2305
2306 1523
2306 1370
2306 2307
2306 2308
2309 2217
2309 1671
2309 678
2309 374
2310 2074
2310 1880
2310 2311
2310 2075
2310 2312
500 501
2313 2314
2313 2315
836 2316
836 2072
1640 1641
354 289
354 2317
328 28
328 331
2074 2318
2074 1880
2074 2319
2074 2320
2074 2321
2074 2322
2074 2311
2074 2075
2074 1611
2074 2323
2074 2312
2217 1230
2217 678
2217 853
2033 926
2033 2099
2033 43
2033 52
2033 1921
2295 128
2245 2324
2325 1696
1618 1230
1618 12
2326 220
2326 1675
2326 2327
1655 1656
1655 1305
1655 1657
1655 1658
2026 2029
926 2328
926 997
926 1671
926 2329
926 574
926 43
926 849
926 2330
926 331
926 2331
926 927
926 2332
926 2014
926 1651
2328 2329
2328 574
2328 2331
1664 1137
2207 1369
2207 1198
2207 676
2207 1370
2207 1525
319 320
319 1042
319 2333
362 1198
362 1031
229 289
229 455
229 233
2171 2334
2177 2084
1975 1375
1975 331
1975 2227
1975 1976
2335 1084
2335 480
1929 543
1929 128
154 155
154 2336
154 2337
1308 1759
1308 1134
1308 63
1308 2338
2339 1825
2339 2340
2339 2341
2339 2015
2198 128
2198 893
2198 12
2342 2242
2343 1891
2343 2344
2098 667
2098 331
2098 2345
964 413
879 128
879 2346
879 260
879 751
879 2347
879 938
2087 1782
412 686
412 415
598 1954
598 600
598 601
598 2013
1894 1707
170 1112
935 2252
2348 2349
2348 2350
2351 267
661 658
2352 12
2352 4
2232 1809
543 128
543 2346
543 2353
543 2354
543 2355
543 2356
543 282
543 2341
543 494
543 545
1332 1333
1560 2357
1560 2358
1560 2359
1560 849
1560 1042
830 831
387 1394
387 406
2202 1042
1051 856
1051 2083
1052 856
1052 2083
2360 2316
2360 398
2360 1408
2360 2361
1346 1809
1546 1547
1483 1484
1483 209
1484 1249
1484 209
1484 1220
1484 1298
2362 164
2362 2003
1017 2363
1017 2364
1017 2365
1017 1742
1017 2366
1017 2367
2368 2369
2368 2370
2097 2371
320 128
320 1042
164 2372
2373 1984
2373 1539
2373 2042
1902 2374
1083 1090
1236 1237
1236 2038
2148 602
2148 521
2148 2375
2376 803
2376 530
2056 321
2056 1960
2056 539
2056 2377
2378 2379
2378 2191
2378 2380
1451 226
1451 2381
2382 2383
2382 2252
2382 2253
2382 1976
2382 2384
1277 997
1277 2099
1277 592
1277 331
1935 2385
1935 29
1935 454
1935 44
1151 128
1151 18
2386 1369
2386 1370
2294 1425
2294 1426
281 128
281 282
2387 2388
2389 51
1709 851
321 1178
321 2377
321 323
997 893
1584 1711
1584 1329
1670 667
1670 1211
1895 1349
1895 2292
1895 1128
2130 1671
1671 2390
1671 2069
1671 1968
1671 2391
1671 2070
1671 1230
1671 2392
1671 2393
1671 394
1671 1162
1671 576
1671 1969
1671 2394
1671 434
1671 2395
1671 2179
1671 2396
1671 331
1671 1160
2397 1156
2397 2176
2005 1809
2005 2006
2005 2019
2398 1919
786 788
786 790
1782 1783
1782 2399
1782 128
1782 2400
1782 2336
1782 268
1782 2401
1782 2067
1782 1785
1782 2402
1782 1786
2259 2261
2403 2404
94 95
94 96
94 440
2318 2319
2318 2075
2318 2405
2406 2407
1913 1915
691 128
1927 2138
1927 2408
965 1952
965 95
965 2409
1118 51
1118 1129
2293 1259
2293 1558
2242 128
1084 1091
1084 549
2410 2411
1703 1088
1703 531
2412 1085
2412 1737
2412 1738
831 1205
477 478
477 480
2066 2413
1783 2399
819 1198
17 18
17 19
17 20
1369 1198
1369 1239
1369 676
1369 1276
1369 1370
1369 1524
1369 2160
1369 1525
1369 760
1210 2414
2415 1030
2415 1031
2416 1381
538 798
2417 2418
942 943
1269 1270
960 2316
960 1408
1767 1220
715 2419
715 847
1919 1563
1919 1920
1919 1495
1919 983
2420 603
2420 55
62 63
1119 1124
1119 1126
1119 1129
1880 55
1880 2322
1880 2311
1880 2075
1880 2312
1335 665
1453 2233
2421 1112
2421 1113
2421 1442
1898 1944
1898 1899
1433 2422
2187 128
2187 2423
2187 2298
1821 2424
1821 1085
1821 1631
1821 641
1821 2425
2424 641
2424 2425
1946 128
1946 205
1946 1292
1866 233
267 128
388 274
2426 603
2426 1090
851 2427
2390 2393
2390 2396
1824 1825
1824 128
288 258
2357 2428
151 599
151 2151
151 1394
151 152
2429 2430
1694 51
1694 52
953 856
953 954
953 1323
953 1553
953 1554
106 72
106 73
106 856
106 74
451 2275
1469 128
1225 1825
2002 693
2002 2431
2399 268
274 2432
274 2218
274 392
274 395
274 397
274 403
274 2433
274 2434
274 342
2435 2436
1475 2107
1475 1476
1475 549
2107 1476
1476 1648
73 2411
1825 2353
1825 2354
1825 236
1825 2341
1825 2015
47 48
47 49
787 55
2260 171
2260 2437
2260 2438
2439 1884
279 2197
2440 51
2441 1906
2441 2197
1058 1165
1058 1028
2132 1165
1529 1530
1529 2442
1530 2101
2385 779
2385 2061
1120 2443
1120 52
1399 1494
1933 137
1933 1686
1933 275
2444 856
2444 1349
2444 51
2444 1553
2444 1129
2445 1099
2445 1104
2445 1107
373 2224
373 1094
373 2446
373 1922
373 55
519 51
519 531
2432 1394
2432 804
692 128
692 696
2078 870
2078 856
2078 2447
2069 2448
572 573
572 1989
572 579
572 2449
107 2450
107 2451
520 628
1026 2452
865 52
865 2275
865 2453
171 174
171 2438
2454 1952
302 2455
302 452
302 1970
302 2456
302 2125
302 2014
1249 86
2358 2190
2457 2458
2459 678
2459 2460
128 2400
128 1187
128 693
128 2461
128 2296
128 1085
128 2462
128 1178
128 2463
128 1188
128 1931
128 2464
128 2465
128 694
128 539
128 205
128 1217
128 2466
128 1472
128 2467
128 1253
128 2468
128 2469
128 393
128 2346
128 260
128 2377
128 2314
128 2297
128 2353
128 2354
128 493
128 1038
128 322
128 1961
128 269
128 2470
128 795
128 2166
128 1784
128 2471
128 2355
128 394
128 2023
128 2356
128 1631
128 700
128 282
128 1470
128 236
128 989
128 395
128 751
128 1291
128 2472
128 323
128 2423
128 2340
128 2298
128 2401
128 2473
128 324
128 695
128 696
128 697
128 2474
128 1227
128 2161
128 1463
128 921
128 2299
128 18
128 544
128 701
128 1740
128 1041
128 2475
128 2114
773 774
773 185
773 2047
773 1170
1606 501
1606 978
1606 2476
1606 2477
1606 2478
1633 1368
2455 188
2455 185
1551 870
2479 95
2479 96
2479 2480
2479 2481
1237 1198
602 1087
602 1089
602 1202
602 549
602 1070
1849 2151
1849 1893
2286 191
2286 192
1968 2391
1968 1969
1968 2394
1968 2482
1968 957
2483 2484
2485 2486
920 1162
920 1142
2487 2220
2487 2061
2487 1851
2487 1852
2487 755
2488 2489
2488 1747
2488 2490
2491 2262
2491 812
2262 812
1993 1995
866 2379
866 20
866 1651
1872 685
1890 1891
1890 2492
963 457
963 459
1187 2114
2051 841
2493 1390
224 1863
389 2494
1813 2495
1813 305
1813 2496
1813 2497
2498 2499
2498 2282
2498 1705
2498 2007
2498 406
2498 1886
1634 1368
2499 560
2499 983
2499 847
2499 406
2089 2500
413 414
2349 2159
2349 255
2349 1969
2349 2456
1466 109
2501 88
892 2502
892 893
2128 1000
1244 1250
1244 977
1244 915
1244 2142
1219 1250
1219 977
1219 2503
1219 915
2099 43
2504 2505
1858 1085
1858 1631
1858 1291
1858 1292
870 856
870 1552
870 1321
870 954
870 1180
870 2083
870 1322
1245 1246
1245 86
1246 85
28 665
28 29
28 1141
28 2215
28 2506
28 2146
28 2247
28 304
1588 2224
1588 2316
1588 96
1588 1590
1588 2361
1589 2507
1589 1590
2508 2282
2508 406
2508 1544
2282 2394
2282 1705
2282 2283
2282 406
1680 743
2509 2374
2509 2510
2223 1375
1497 324
2059 269
2059 751
2059 1711
2383 2511
2383 2110
2383 2253
2383 1976
2383 2512
2383 2384
2511 2110
2511 2512
1744 2297
2256 1129
2256 2513
2136 1042
1429 12
2514 667
2514 668
2514 1888
2515 2507
2516 2517
2518 2519
824 825
2073 51
220 1297
220 2520
220 2521
220 1675
220 2190
220 1915
220 2522
220 2523
220 2524
220 2482
220 2327
1386 2525
1952 686
1952 193
1952 124
693 1193
1816 1817
2526 2450
478 55
478 531
2527 841
811 812
2528 51
2528 12
1415 584
2529 1772
2530 549
2530 2505
2363 2365
2363 1742
2531 174
2531 1198
2319 2532
2319 2320
1013 1014
1013 2533
1013 2350
1013 1015
774 2159
774 775
774 185
2534 1348
2534 1096
230 232
1943 2535
1943 743
1943 2536
1943 2365
1943 1742
1943 2367
2001 1454
2001 1220
2001 1455
2001 1893
2461 2466
922 743
922 744
720 721
720 722
1683 398
1683 1876
1683 685
1722 1228
1722 1723
2289 856
2289 2290
2289 2291
1832 978
970 51
970 893
2225 1376
2225 2324
2225 685
2159 137
2159 2350
1085 1217
1085 2470
1085 1631
1085 1291
1085 1232
1085 1859
1085 2537
1060 1061
1060 1001
1060 2512
2538 185
1774 323
2539 560
2539 256
2539 405
2539 2494
1348 2540
1086 1102
1086 1839
2462 1041
1617 55
2535 678
2535 2365
2535 2367
1178 641
2329 574
2329 2331
560 2277
560 2007
560 1886
2379 2189
2379 2275
2189 1539
2189 2304
2541 503
2541 505
155 156
155 521
155 1505
155 2226
155 2239
155 1103
155 161
573 1989
573 2204
2502 893
2502 1284
2252 1000
2542 670
1190 1777
1190 80
1638 2091
2543 743
2544 233
2544 2545
2463 2422
670 2110
670 1830
670 685
670 2546
364 2473
364 1041
172 2321
172 2547
1614 2548
1389 1390
1389 2317
2391 185
2391 137
2070 1517
2070 1400
2070 1403
2070 1518
2070 2448
271 1209
271 2482
271 1292
2316 398
2316 1408
2316 2361
191 686
191 1426
943 1377
173 929
1523 1370
452 2109
452 331
452 2126
788 790
788 791
574 592
574 2331
2549 185
1580 289
1580 455
856 1349
856 2292
856 1552
856 2083
856 1322
856 82
856 1323
856 1553
856 682
856 2447
1914 1793
1914 1485
1238 1198
1188 1098
1188 621
2550 621
585 586
585 2551
1931 1232
156 1202
156 907
1250 2503
2552 2553
2552 2554
2552 2555
2552 2556
1454 1455
1454 607
1775 1232
1775 2031
1984 12
1984 2557
1984 2042
1984 2558
77 480
479 480
2464 1041
2559 2560
2561 524
2561 78
2465 1296
1960 394
1960 1768
1960 1888
1881 2034
1881 1882
1881 1883
694 1784
1435 440
909 641
1695 2500
1572 12
2443 52
2562 1287
209 1485
453 2563
453 460
453 461
1121 52
1121 2564
1230 1619
1230 678
1087 1095
414 192
748 2031
2392 2396
2255 2249
2255 2250
474 323
474 2565
2566 2567
1970 185
1970 1888
1970 957
2568 2569
2570 494
1759 63
539 2402
539 1950
539 38
2571 2473
29 455
29 2495
29 2104
29 456
2266 1129
2266 2513
1610 2322
1610 2075
1610 2572
2573 489
2573 803
2573 1394
932 1737
932 2574
932 1738
2532 2322
842 844
842 55
2575 2169
255 256
255 2576
1375 528
1297 85
1217 1292
603 2448
480 2577
480 2578
480 523
480 1091
480 1092
480 524
480 1509
480 2579
480 488
480 641
480 629
480 1202
480 525
480 644
480 158
480 1093
480 2580
480 630
521 1090
521 629
521 1202
521 525
521 644
521 526
521 78
521 527
521 2226
2218 1784
268 989
289 1954
289 251
289 231
289 455
289 2249
289 472
289 1581
289 232
22 23
22 2468
1920 983
1918 2581
66 1227
174 1240
1954 1061
102 51
102 103
102 104
1850 137
759 2517
759 760
1750 2029
1410 2582
1410 2583
503 2101
503 505
1088 531
1534 1162
1534 2456
2034 1732
2034 55
43 44
43 592
43 893
43 1921
43 2014
43 374
43 2584
1089 1095
2553 2554
2553 2556
391 341
2393 2396
522 576
213 11
213 2585
213 2586
2320 2405
1447 1260
2169 51
2169 55
11 2585
1376 2563
1376 2324
844 2419
844 2587
844 1921
844 2494
2588 2589
2094 185
2094 2095
2219 2277
2219 185
2277 185
2277 2394
392 398
2027 2423
2411 74
2590 472
2590 2591
1341 2592
1341 1836
1341 2593
1342 305
1342 1270
1342 1836
1342 2593
1342 2594
775 137
775 2350
2595 1448
2595 2596
1776 1232
2597 928
121 493
2517 1370
575 578
743 1944
743 744
743 1908
743 2598
743 2536
743 1450
743 1652
743 2365
1390 1391
1014 1015
2599 393
2321 12
2321 2600
1601 2101
51 1096
51 2601
51 2221
51 2602
51 2603
51 2604
51 2359
51 1099
51 1072
51 2103
51 2605
51 2606
51 2607
51 3
51 1594
51 905
51 1134
51 1745
51 2608
51 903
51 822
51 703
51 481
51 2609
51 1704
51 1882
51 1697
51 2610
51 2611
95 96
95 440
95 999
95 2612
95 97
96 846
96 440
96 1011
96 2587
96 2613
96 999
96 2612
96 97
1278 1394
1278 12
1278 57
1090 1506
1090 2614
1624 1625
1472 1072
1472 2079
1472 1958
2467 1470
2467 236
2467 12
2467 1296
1253 67
2468 2471
2468 2355
2468 1041
2469 269
2469 1711
393 1271
2346 795
2377 1711
2314 2355
2314 2315
2297 1054
2353 1041
2354 1041
493 18
493 494
322 1961
1961 227
1961 1360
269 2356
269 989
269 323
269 752
269 2615
269 2565
269 2114
2470 2031
2166 2616
2166 1985
2166 2167
2355 2474
2356 2114
1631 641
1631 2425
700 701
282 2302
282 283
1470 1296
1470 206
236 2473
236 2475
236 2300
236 2015
989 1098
989 2617
989 1513
989 1514
989 1598
395 2618
751 2401
751 1463
751 1504
751 1724
751 67
751 1464
1291 1859
1291 1292
2472 1041
323 2565
2401 1711
2473 1041
2473 2475
324 2565
695 697
2474 1041
1227 68
2161 990
1463 1366
18 19
1041 545
2577 2580
2578 779
2578 1556
1091 549
1092 1202
524 1093
524 531
1509 644
1509 528
641 531
641 911
641 2425
629 1070
1202 1839
525 2592
158 530
158 161
1093 1095
1093 2084
630 531
630 2057
527 52
527 531
527 1070
803 531
1666 957
1995 1996
1995 2619
1996 2619
1996 2620
1996 1426
2619 2621
1094 1105
2239 1899
2239 990
1097 610
1098 990
1441 2170
768 55
1665 52
2170 52
52 2622
52 1501
52 2510
52 1502
52 1122
52 2021
52 1903
52 1904
52 2564
52 2601
52 1148
52 2623
52 1696
52 822
2622 2623
1501 12
1501 55
1501 2624
1122 1129
1904 1113
1904 1442
2564 1127
2601 1704
1220 1298
1220 977
977 2503
977 2142
2503 915
2142 978
2091 531
1991 1254
1254 1042
2100 504
2100 2101
454 233
454 1490
44 814
44 1207
2220 1888
1343 472
592 1401
592 1402
592 2332
592 593
2071 2072
2221 2608
2221 1284
2221 176
1162 849
1162 290
256 185
576 957
2602 531
1099 531
1099 2057
2605 12
3 4
2608 1284
822 847
703 12
1704 12
1882 1883
1882 1884
1697 12
2610 12
2611 2625
482 483
1793 1915
552 1795
552 1915
1795 2626
2301 2302
1377 2627
1377 2628
1377 2563
1377 2123
1377 55
1377 2629
1377 1381
2627 1381
2628 55
2628 1381
893 55
893 1284
893 894
1607 2630
2630 1865
1286 978
1286 2478
1286 2631
1769 2095
586 1675
586 2632
586 2551
978 1865
978 2476
1865 2477
1865 85
1865 1987
2476 2477
845 185
846 666
846 944
846 668
849 1113
2151 1893
1394 2433
1394 2434
1394 2633
185 2634
185 2109
185 1443
185 1550
185 1969
185 303
185 755
2634 2635
1443 1536
303 304
303 91
303 2045
303 2064
2506 667
2146 667
2247 2636
304 2248
304 330
304 305
667 2450
667 2419
667 2330
2450 109
2450 2637
2419 55
1321 1322
1615 2638
1553 1554
1123 1124
1123 1125
1123 1129
1124 1125
1124 1126
1125 1129
1126 1129
1127 1129
1731 1732
1731 2639
1731 216
1732 2639
1732 215
1732 216
1675 1809
1675 2006
1675 2190
1675 1915
1675 2327
1809 2006
1809 1719
2190 1539
2190 2640
587 2641
2477 2478
2233 2234
944 175
944 440
440 2612
2587 55
2613 684
2613 97
137 1661
137 2394
137 671
2394 1705
2394 2283
1401 1402
1401 342
1401 593
1402 593
249 55
12 2428
12 1310
12 1457
12 2642
12 2643
12 2364
12 2046
12 733
12 1619
12 35
12 2452
12 530
12 1033
12 712
12 423
12 2644
12 784
12 769
12 2645
12 1928
12 2646
12 1905
12 713
2428 769
2428 2480
2643 1556
35 1165
35 1166
2452 817
530 2084
423 2644
423 784
423 1379
423 147
423 425
423 685
423 1652
423 2229
423 2305
423 426
423 2585
2644 2305
784 425
1928 2647
1905 1907
713 678
399 404
403 1888
404 1888
405 2648
341 2178
251 258
1157 1445
1777 464
1494 1160
1494 342
678 1510
678 2138
678 2649
1510 531
1510 2057
2138 118
577 578
2106 2204
55 1906
55 2028
55 770
55 1047
55 2629
55 144
55 214
55 2650
55 1381
2629 2650
144 146
144 424
1378 1576
531 910
531 1049
531 1100
910 1100
2576 957
2248 1799
455 1015
2249 1936
472 2651
472 2591
1747 2490
2121 2290
2121 2291
2290 424
1851 1852
2495 233
456 457
456 1912
56 771
56 57
56 867
56 203
56 58
771 57
771 203
1232 2031
1102 1106
1103 159
159 160
534 80
534 638
534 639
351 2652
1518 2448
2003 1853
2433 804
2434 804
1705 2283
578 2204
1859 1292
1282 2480
1282 2481
1282 2653
1283 1284
1283 2481
1284 894
146 2654
147 424
424 425
425 426
2322 2311
2322 2075
2322 1611
2311 2075
1611 1381
2323 2312
1381 1239
2533 1015
2533 233
1015 233
754 2014
103 74
103 104
104 2655
635 80
635 638
635 2656
635 639
1259 1260
1259 1558
1260 1448
434 1022
2395 804
2179 331
331 2126
331 2334
331 374
504 2657
504 99
504 2101
99 2101
2101 2442
129 2275
376 464
376 2014
2031 621
2460 2658
232 233
2140 2659
19 20
1316 63
1316 2338
360 233
360 458
457 2581
457 459
457 1911
233 1936
233 2660
233 1142
233 1749
1944 460
2661 853
853 1686
460 461
460 462
1899 2062
1899 2662
2639 2663
2191 1539
2272 1808
1863 1360
226 1360
227 1360
2341 2015
2341 698
2015 1205
335 337
335 338
336 337
337 338
337 367
983 2007
2007 406
2007 1886
1503 1137
2660 2664
1749 1270
684 2409
2409 97
97 2665
97 686
686 193
1539 2666
2666 913
2304 1027
2304 2667
2304 2569
2667 2569
2569 1028
1028 2480
1028 993
1198 1239
1239 676
1239 1370
600 601
2507 685
2507 2668
441 443
2496 2497
2496 2594
2496 1799
1112 1270
85 86
86 88
540 1366
2332 593
2632 1438
1438 2551
1714 554
1424 1426
1425 1426
1425 2669
1270 2664
2621 2670
2621 2620
202 2567
1467 804
1113 1442
1442 2671
707 2672
2651 2591
1839 2673
638 2062
638 2656
685 2253
2253 2384
2557 1985
2042 2558
130 1021
1021 2637
2536 2365
2365 1742
442 1808
442 176
1808 176
1042 1498
118 119
63 2674
63 2675
63 2676
63 2338
2674 2676
2675 2676
2013 1061
2617 990
1513 1514
1513 990
1514 990
1598 990
406 1886
406 1544
406 2677
2586 704
193 1264
1263 1264
1263 1265
1973 2035
2678 2679
2615 2380
2615 2113
2113 2114
2345 2680
2448 2681
165 2682
2683 2684
729 731
2067 2076
2067 1214
1785 2076
1786 2076
1786 38
67 1329
1464 1329
1711 1712
1711 1713
990 2685
2685 1054
1536 1537
1536 2635
1949 2686
1426 1565
2648 2687
217 704
859 929
494 270
1280 1243
1358 2029
2480 2481
2347 938
938 2076
1833 2144
676 1276
1787 2413
1707 2369
913 2688
913 2689
2333 2686
1985 2167
2315 2690
2155 2156
2155 2157
1891 2691
1891 2625
868 2547
2540 1350
2692 2693
1172 2694
2695 2696
197 198
2697 2698
2640 2699
2700 2701
2700 2702
2702 2703
1330 2704
2705 2706
203 58
2038 760
1370 2707
1370 1524
1370 2307
1370 2308
2307 2308
760 761
841 2708
2555 2556
1383 1384
721 722
