0.0000000000000000
-0.0001710700460897
0.0000000000000000
-0.0000352678036819
0.0000000000000000
0.0000000000000000
0.0000000000000000
-0.0000000396401898
0.0000000000000000
0.0000000000000000
-0.0002541690661531
0.0000000000000000
-0.0015770828345119
-0.0004421459382602
0.0000000000000000
0.0000000000000000
-0.0000577337688910
-0.0004980285346718
-0.0009616737300639
-0.0002586132058351
0.0000000000000000
0.0000000000000000
-0.0010026103582170
0.0000000000000000
-0.0007612383379740
-0.0000232155088860
0.0000000000000000
-0.0000286089812960
-0.0015013898795093
-0.0009673181001091
-0.0001287080797212
-0.0000240803470870
-0.0002850803032590
-0.0010980197965047
0.0000000000000000
0.0000000000000000
0.0000000000000000
0.0000000000000000
-0.0004856899255348
-0.0000268831851589
-0.0009123560718916
-0.0003087936792472
0.0000000000000000
-0.0002237724402612
0.0000000000000000
0.0000000000000000
0.0000000000000000
-0.0005021899279090
0.0000000000000000
-0.0008172735003615
-0.0006757862068074
-0.0005556310351658
-0.0009245196027283
0.0000000000000000
-0.0006800587244520
-0.0000225237574636
-0.0001926076189580
-0.0008645883595921
-0.0000310013491696
-0.0000470057949489
-0.0001121955709937
-0.0012512012192101
0.0000000000000000
0.0000000000000000
0.0000000000000000
0.0000000000000000
-0.0006483545011804
0.0000000000000000
0.0000000000000000
-0.0000941364020282
-0.0009915314262852
0.0000000000000000
0.0000000000000000
-0.0000289725955529
0.0000000000000000
-0.0010753305401305
-0.0009860535930368
0.0000000000000000
-0.0005992746784571
-0.0000027923516743
-0.0018377748847094
-0.0002207296502270
0.0000000000000000
-0.0022642995290010
0.0000000000000000
0.0000000000000000
-0.0000691961215704
0.0000000000000000
0.0000000000000000
0.0000000000000000
-0.0005833621994622
0.0000000000000000
-0.0000213817925676
0.0000000000000000
0.0000000000000000
-0.0000795016033361
-0.0005048976267545
0.0000000000000000
-0.0013345048294351
-0.0002176994922394
0.0000000000000000
-0.0012408468232987
-0.0007249128407274
0.0000000000000000
0.0000000000000000
0.0000000000000000
-0.0002773195616310
0.0000000000000000
-0.0000000396401898
-0.0004490828083323
-0.0000155349975532
0.0000000000000000
0.0000000000000000
-0.0001671870968067
-0.0008816529772240
-0.0000279953309033
0.0000000000000000
0.0000000000000000
-0.0009028822341257
-0.0008036200588020
0.0000000000000000
-0.0000686793578382
0.0000000000000000
0.0000000000000000
0.0000000000000000
0.0000000000000000
0.0000000000000000
0.0000000000000000
0.0000000000000000
0.0000000000000000
0.0000000000000000
-0.0010316798359717
-0.0015228139873322
0.0000000000000000
0.0000000000000000
-0.0005961791237912
-0.0017282422228444
-0.0000032372096719
-0.0002751854880660
0.0000000000000000
0.0000000000000000
0.0000000000000000
-0.0002115693101814
0.0000000000000000
-0.0000236468765191
0.0000000000000000
0.0000000000000000
-0.0001792024670060
-0.0010451305748393
0.0000000000000000
-0.0010010780104217
-0.0000218029052306
-0.0005229978707035
-0.0002280687055620
-0.0002782302320057
-0.0000866473081764
-0.0007670484183766
-0.0006654776010304
0.0000000000000000
0.0000000000000000
-0.0000867067338266
-0.0001317539727168
0.0000000000000000
0.0000000000000000
0.0000000000000000
-0.0006484052953635
0.0000000000000000
-0.0001861314159832
0.0000000000000000
-0.0003131189795127
-0.0003614934479241
0.0000000000000000
0.0000000000000000
0.0000000000000000
0.0000000000000000
0.0000000000000000
0.0000000000000000
-0.0001275939599061
0.0000000000000000
-0.0005473797856030
0.0000000000000000
-0.0001780912648766
0.0000000000000000
0.0000000000000000
0.0000000000000000
0.0000000000000000
-0.0000194810570378
0.0000000000000000
0.0000000000000000
-0.0004639892952731
-0.0007923793915765
-0.0001213172213586
0.0000000000000000
0.0000000000000000
-0.0006795732036959
-0.0006337670513830
0.0000000000000000
-0.0000271319246750
-0.0008186068159421
0.0000000000000000
0.0000000000000000
0.0000000000000000
0.0000000000000000
-0.0000835063332314
-0.0003116320266212
-0.0028153531459694
0.0000000000000000
0.0000000000000000
-0.0001025505623371
0.0000000000000000
0.0000000000000000
-0.0006561086752974
-0.0005869571410280
-0.0000130562431035
-0.0005324280895582
0.0000000000000000
-0.0007097272016612
0.0000000000000000
-0.0003636319146860
0.0000000000000000
-0.0000083523743495
0.0000000000000000
-0.0016048917130771
0.0000000000000000
0.0000000000000000
-0.0001770720198948
-0.0000177027431274
-0.0001600854260637
-0.0008968234917983
-0.0000174570655957
-0.0006086322080083
0.0000000000000000
-0.0004265525515983
0.0000000000000000
-0.0000888954391289
0.0000000000000000
-0.0000844415297028
-0.0000071625012392
0.0000000000000000
-0.0000000000000036
0.0000000000000000
-0.0001730951705987
-0.0000762141221742
-0.0000814896817030
0.0000000000000000
-0.0003137695297948
-0.0000004703769090
-0.0015274630653774
0.0000000000000000
0.0000000000000000
-0.0008447044597890
0.0000000000000000
0.0000000000000000
-0.0002986366883135
-0.0018820707003204
0.0000000000000000
0.0000000000000000
-0.0003237626153378
0.0000000000000000
-0.0003544541242686
0.0000000000000000
0.0000000000000000
0.0000000000000000
-0.0014476549548608
0.0000000000000000
-0.0000087587107984
-0.0009926116097585
0.0000000000000000
-0.0013926867507479
-0.0011362906720827
0.0000000000000000
0.0000000000000000
-0.0009882298903268
-0.0000314578901417
0.0000000000000000
-0.0005772818411725
0.0000000000000000
0.0000000000000000
-0.0000214493817392
-0.0000000770795534
-0.0007850998715107
0.0000000000000000
0.0000000000000000
0.0000000000000000
0.0000000000000000
-0.0009020201100860
-0.0009489546132730
0.0000000000000000
-0.0000690446102372
-0.0000011813568754
0.0000000000000000
0.0000000000000000
-0.0011329853110684
0.0000000000000000
0.0000000000000000
0.0000000000000000
0.0000000000000000
-0.0001131408864037
-0.0000623010081782
-0.0000689505549047
-0.0016113370491215
0.0000000000000000
-0.0000223372758015
-0.0006768132568560
-0.0000571888724910
0.0000000000000000
0.0000000000000000
-0.0002939171029084
-0.0007795056835782
0.0000000000000000
-0.0000252693744969
-0.0001893738535088
0.0000000000000000
-0.0009277738521725
-0.0001074730085833
0.0000000000000000
-0.0006333270043974
0.0000000000000000
0.0000000000000000
-0.0003233074745186
0.0000000000000000
-0.0004338441716421
0.0000000000000000
0.0000000000000000
0.0000000000000000
0.0000000000000000
-0.0003142932741600
0.0000000000000000
0.0000000000000000
-0.0005437026005204
-0.0003517972948366
-0.0003122633485777
-0.0000951368511366
-0.0008824301082928
0.0000000000000000
0.0000000000000000
-0.0004215711479549
0.0000000000000000
0.0000000000000000
-0.0007646997891211
-0.0009552420711341
0.0000000000000000
-0.0006510693747526
0.0000000000000000
-0.0000683803654020
0.0000000000000000
0.0000000000000000
-0.0001403849421848
-0.0001809081945421
0.0000000000000000
0.0000000000000000
-0.0001765410501697
-0.0004954923642266
-0.0001767426424486
0.0000000000000000
0.0000000000000000
-0.0007805412746915
-0.0001387819172614
0.0000000000000000
0.0000000000000000
0.0000000000000000
-0.0007700136019313
-0.0000180755187884
0.0000000000000000
-0.0003185609855798
-0.0004764086883728
0.0000000000000000
0.0000000000000000
0.0000000000000000
0.0000000000000000
-0.0004598899396751
-0.0003633202216253
0.0000000000000000
-0.0000102960337109
-0.0001984655178919
0.0000000000000000
0.0000000000000000
0.0000000000000000
-0.0002728510936159
-0.0000213817925676
0.0000000000000000
0.0000000000000000
0.0000000000000000
0.0000000000000000
0.0000000000000000
0.0000000000000000
0.0000000000000000
0.0000000000000000
0.0000000000000000
-0.0002765132809888
-0.0005259790119609
0.0000000000000000
0.0000000000000000
0.0000000000000000
-0.0000711998644523
-0.0000185416937661
-0.0003882549740819
0.0000000000000000
0.0000000000000000
-0.0002345956399257
0.0000000000000000
0.0000000000000000
-0.0000616323199001
0.0000000000000000
-0.0000375373361070
-0.0002059466931161
0.0000000000000000
0.0000000000000000
0.0000000000000000
-0.0009325976218069
-0.0001066641193201
-0.0010515354674059
-0.0003168111811469
-0.0010940136515316
-0.0006148106495303
0.0000000000000000
-0.0000023933404485
-0.0001759686014235
0.0000000000000000
-0.0002209124514039
0.0000000000000000
-0.0001267444536488
0.0000000000000000
0.0000000000000000
0.0000000000000000
0.0000000000000000
0.0000000000000000
-0.0000709827111596
-0.0001993324918121
-0.0005097023403451
-0.0000921531952844
-0.0002461916145080
0.0000000000000000
0.0000000000000000
-0.0001771050851858
-0.0001202982342239
0.0000000000000000
0.0000000000000000
-0.0000416514790444
-0.0003123094717132
0.0000000000000000
-0.0006925106246758
0.0000000000000000
0.0000000000000000
-0.0000631079205249
-0.0000083028691638
0.0000000000000000
-0.0008988028296901
-0.0000693245855157
0.0000000000000000
-0.0024437844166005
-0.0009351588780646
0.0000000000000000
-0.0003019145832042
0.0000000000000000
-0.0007847905971925
0.0000000000000000
0.0000000000000000
-0.0000433701790481
0.0000000000000000
-0.0009698582999889
0.0000000000000000
0.0000000000000000
-0.0004725399561849
-0.0000066769737597
-0.0006283071559086
-0.0000272820438667
0.0000000000000000
-0.0014357481036438
-0.0003909048265260
0.0000000000000000
-0.0003296890550715
-0.0011726953673836
-0.0000601976845829
-0.0002805025915382
0.0000000000000000
-0.0008532161234793
0.0000000000000000
0.0000000000000000
0.0000000000000000
0.0000000000000000
0.0000000000000000
-0.0010474786593679
-0.0014119667473622
0.0000000000000000
0.0000000000000000
-0.0013224563285430
-0.0021525684360544
0.0000000000000000
0.0000000000000000
-0.0000686096524607
-0.0000889076244928
-0.0001151343074977
-0.0012167609756180
-0.0000571888724910
-0.0001780912648979
0.0000000000000000
-0.0000547283322287
0.0000000000000000
-0.0008601161998278
0.0000000000000000
-0.0001239668156234
0.0000000000000000
0.0000000000000000
-0.0001507390073083
0.0000000000000000
-0.0005555663534551
0.0000000000000000
-0.0005582299751961
-0.0001565098808172
0.0000000000000000
0.0000000000000000
0.0000000000000000
0.0000000000000000
-0.0000684235073809
-0.0004371002176651
0.0000000000000000
-0.0010491989613968
0.0000000000000000
-0.0005459544186284
0.0000000000000000
0.0000000000000000
0.0000000000000000
0.0000000000000000
-0.0003487544747003
-0.0006674455014757
0.0000000000000000
-0.0000011818665140
-0.0000560497088262
0.0000000000000000
-0.0010116161139386
0.0000000000000000
-0.0000797536147932
-0.0005388392115577
0.0000000000000000
-0.0006420364626152
0.0000000000000000
-0.0005598426348072
-0.0000000397101054
0.0000000000000000
-0.0024459603481795
-0.0051828554093643
0.0000000000000000
0.0000000000000000
0.0000000000000000
0.0000000000000000
0.0000000000000000
-0.0000319756699128
-0.0003763700608399
-0.0004101958389739
-0.0001248579512740
0.0000000000000000
-0.0001976387497251
0.0000000000000000
0.0000000000000000
0.0000000000000000
0.0000000000000000
-0.0011136325073249
-0.0001423155309404
-0.0001082788246354
-0.0003175420135175
-0.0000488156639964
-0.0005299705835782
0.0000000000000000
0.0000000000000000
-0.0004056702488278
-0.0006067209100138
-0.0023180227927888
-0.0000691058687536
0.0000000000000000
0.0000000000000000
0.0000000000000000
-0.0001338751424811
-0.0008635898574383
-0.0001338328300911
0.0000000000000000
0.0000000000000000
-0.0006214343388109
-0.0007540060003137
0.0000000000000000
0.0000000000000000
0.0000000000000000
-0.0073704410985336
0.0000000000000000
-0.0001685417692787
-0.0000373300435967
-0.0002323950396281
0.0000000000000000
-0.0020369055457099
0.0000000000000000
-0.0001718708136060
-0.0001192758499222
0.0000000000000000
0.0000000000000000
0.0000000000000000
-0.0003030603399719
0.0000000000000000
0.0000000000000000
0.0000000000000000
0.0000000000000000
-0.0004646444334906
0.0000000000000000
-0.0000037405101221
-0.0007905197066194
-0.0007884689485564
0.0000000000000000
0.0000000000000000
-0.0001586307899331
0.0000000000000000
-0.0008955163659756
-0.0002682892733930
0.0000000000000000
0.0000000000000000
0.0000000000000000
0.0000000000000000
-0.0002670594971690
-0.0003511708235013
0.0000000000000000
-0.0002722825427437
0.0000000000000000
-0.0008810199423639
0.0000000000000000
-0.0000749552809260
-0.0000000397101054
-0.0026076890803868
-0.0000665139091218
0.0000000000000000
-0.0000193698952291
0.0000000000000000
-0.0005642422482275
-0.0008757010634657
0.0000000000000000
-0.0000000391990564
0.0000000000000000
-0.0000575210685589
0.0000000000000000
0.0000000000000000
-0.0019163939149553
-0.0000581917475664
-0.0000690456474182
-0.0000686391146729
-0.0010992043717248
-0.0000363283334703
0.0000000000000000
0.0000000000000000
0.0000000000000000
0.0000000000000000
0.0000000000000000
-0.0007430781809052
-0.0000716366034741
-0.0010096296884221
0.0000000000000000
0.0000000000000000
0.0000000000000000
-0.0000181192798241
-0.0000000799551234
0.0000000000000000
0.0000000000000000
0.0000000000000000
0.0000000000000000
-0.0001121477384540
-0.0002366946392041
0.0000000000000000
0.0000000000000000
-0.0015035397467571
0.0000000000000000
-0.0007300947172943
-0.0013247451872669
-0.0004554608264176
0.0000000000000000
-0.0014573568684195
0.0000000000000000
-0.0001605549558725
-0.0011223688459570
0.0000000000000000
-0.0002448460200792
0.0000000000000000
-0.0006099147415881
0.0000000000000000
0.0000000000000000
-0.0000206643801359
-0.0007627520777955
-0.0002557226518984
0.0000000000000000
0.0000000000000000
0.0000000000000000
-0.0000626013763529
0.0000000000000000
0.0000000000000000
-0.0001572581021847
-0.0013234594243947
-0.0002669662196002
0.0000000000000000
0.0000000000000000
0.0000000000000000
-0.0010714210543963
-0.0003791075989970
-0.0003231963306547
-0.0003302226791142
0.0000000000000000
0.0000000000000000
0.0000000000000000
0.0000000000000000
-0.0000236047015303
0.0000000000000000
-0.0003239605318477
-0.0008020250624412
0.0000000000000000
0.0000000000000000
-0.0018452254756678
-0.0005835680012662
-0.0007877477206559
0.0000000000000000
-0.0004847782477810
0.0000000000000000
-0.0000748024371600
-0.0002375171331668
-0.0005375353179744
0.0000000000000000
-0.0000148632990165
0.0000000000000000
-0.0001981781512264
-0.0001775626021203
-0.0010461406108497
0.0000000000000000
-0.0000451522445264
-0.0007046216097581
0.0000000000000000
0.0000000000000000
0.0000000000000000
-0.0001054973554826
0.0000000000000000
0.0000000000000000
0.0000000000000000
-0.0002397422447729
0.0000000000000000
0.0000000000000000
-0.0009268487447933
0.0000000000000000
0.0000000000000000
-0.0000000000000036
-0.0000000000000018
-0.0000202052038318
0.0000000000000000
-0.0007206639168054
0.0000000000000000
-0.0001053562124103
-0.0008967115551659
0.0000000000000000
-0.0003586367815540
0.0000000000000000
-0.0001481814186697
0.0000000000000000
0.0000000000000000
0.0000000000000000
-0.0007581262468346
0.0000000000000000
-0.0002446256702129
0.0000000000000000
0.0000000000000000
0.0000000000000000
0.0000000000000000
0.0000000000000000
0.0000000000000000
0.0000000000000000
0.0000000000000000
0.0000000000000000
-0.0000120285249050
-0.0000602684301079
-0.0001260313706517
-0.0000914808972539
-0.0000410551002208
-0.0010768464841782
-0.0000382156963905
-0.0000385729447121
-0.0010091916525248
-0.0000189288381698
-0.0018169583134711
-0.0006325302852765
-0.0007032703487404
0.0000000000000000
-0.0000367217820276
0.0000000000000000
-0.0003554326901671
-0.0009531654183661
0.0000000000000000
0.0000000000000000
0.0000000000000000
0.0000000000000000
0.0000000000000000
-0.0003662538731355
0.0000000000000000
-0.0008527706286277
0.0000000000000000
-0.0003050843733288
0.0000000000000000
-0.0001621637592901
0.0000000000000000
0.0000000000000000
-0.0010374678310239
-0.0004065067681367
0.0000000000000000
-0.0004177795254954
-0.0014846366436565
0.0000000000000000
-0.0009543904365792
0.0000000000000000
-0.0000047158039624
-0.0003307474671015
0.0000000000000000
0.0000000000000000
0.0000000000000000
-0.0008225384306240
-0.0000478497765322
0.0000000000000000
0.0000000000000000
-0.0000075184522181
0.0000000000000000
0.0000000000000000
-0.0005075606566702
0.0000000000000000
0.0000000000000000
-0.0000680470726717
0.0000000000000000
0.0000000000000000
-0.0015692911372636
0.0000000000000000
0.0000000000000000
0.0000000000000000
-0.0002446449473794
0.0000000000000000
-0.0000579116959631
0.0000000000000000
0.0000000000000000
0.0000000000000000
-0.0022050944088523
0.0000000000000000
-0.0007140808195008
0.0000000000000000
-0.0000616584525766
0.0000000000000000
0.0000000000000000
0.0000000000000000
-0.0002981733844738
0.0000000000000000
0.0000000000000000
0.0000000000000000
-0.0001805831603061
0.0000000000000000
0.0000000000000000
-0.0004564716123667
-0.0002351688019200
0.0000000000000000
0.0000000000000000
-0.0009989113500222
0.0000000000000000
-0.0007141913541044
0.0000000000000000
0.0000000000000000
-0.0004573236252519
-0.0005542914829419
-0.0003894647294569
0.0000000000000000
-0.0005886967187738
-0.0000661518393503
-0.0017991714035297
0.0000000000000000
0.0000000000000000
0.0000000000000000
-0.0001686298366614
0.0000000000000000
0.0000000000000000
0.0000000000000000
-0.0001358430245553
-0.0008955163659756
-0.0005061846565706
-0.0000251255994606
-0.0000803965009748
-0.0000187517152312
-0.0010122074322521
-0.0001202169274563
-0.0001436133879409
0.0000000000000000
0.0000000000000000
-0.0004311051273618
0.0000000000000000
-0.0024837907617812
-0.0008482806639432
0.0000000000000000
-0.0000029919501792
0.0000000000000000
-0.0001280194160369
0.0000000000000000
0.0000000000000000
-0.0000348904049314
-0.0000020988342300
0.0000000000000000
0.0000000000000000
0.0000000000000000
0.0000000000000000
0.0000000000000000
-0.0001735987197495
0.0000000000000000
-0.0000685465965162
-0.0000661316157693
0.0000000000000000
-0.0009504163960656
0.0000000000000000
-0.0003068521311835
0.0000000000000000
0.0000000000000000
-0.0009325213469324
-0.0000498433376439
0.0000000000000000
-0.0002548785319778
-0.0006474587592180
0.0000000000000000
-0.0001362494025265
0.0000000000000000
0.0000000000000000
-0.0001851148763627
-0.0005958549161349
-0.0000936697176499
-0.0005107935330031
-0.0000829012145527
0.0000000000000000
0.0000000000000000
0.0000000000000000
-0.0000902721524163
-0.0001288116970706
-0.0000473539439376
-0.0002010953215166
0.0000000000000000
-0.0000688675829714
-0.0000563777127383
-0.0007377613075903
-0.0002052888822828
-0.0000874836800691
-0.0002454848486373
0.0000000000000000
0.0000000000000000
-0.0000047158039624
-0.0011905831721872
-0.0000000392556299
0.0000000000000000
0.0000000000000000
-0.0013198597597572
0.0000000000000000
0.0000000000000000
0.0000000000000000
0.0000000000000000
-0.0001359091118669
0.0000000000000000
-0.0002646266284483
-0.0011285875672176
0.0000000000000000
0.0000000000000000
0.0000000000000000
-0.0001458165927524
0.0000000000000000
0.0000000000000000
0.0000000000000000
-0.0002483573929855
0.0000000000000000
-0.0004392902667441
-0.0003455906827021
-0.0000745300957270
0.0000000000000000
-0.0006681117810530
-0.0008244810603824
0.0000000000000000
0.0000000000000000
0.0000000000000000
0.0000000000000000
-0.0000364214245963
-0.0007888959553384
-0.0008554321672403
0.0000000000000000
-0.0008794456712060
0.0000000000000000
-0.0000689779472367
0.0000000000000000
-0.0001057264327393
0.0000000000000000
-0.0003142932741600
-0.0000018667507113
-0.0004526944793675
0.0000000000000000
0.0000000000000000
0.0000000000000000
-0.0008939950166571
0.0000000000000000
-0.0007054787007714
-0.0000910277451425
0.0000000000000000
0.0000000000000000
0.0000000000000000
-0.0001055546641719
-0.0013722091293236
-0.0004414608966847
-0.0003831405514223
-0.0006009560804117
-0.0007600242398720
0.0000000000000000
-0.0016409051338240
0.0000000000000000
0.0000000000000000
-0.0007224361171989
0.0000000000000000
-0.0000771747990225
-0.0007545957532660
-0.0010132532902905
-0.0000352199204023
-0.0001861881080956
0.0000000000000000
-0.0002441496725378
-0.0006227612551193
0.0000000000000000
0.0000000000000000
-0.0000710291244950
0.0000000000000000
-0.0006122963781223
0.0000000000000000
-0.0007912797308158
0.0000000000000000
-0.0000004859324694
-0.0011411927351546
-0.0011399285616882
-0.0000610395872993
0.0000000000000000
-0.0003824822650831
-0.0001806050261894
0.0000000000000000
-0.0016389187914037
-0.0004710247778910
-0.0006852477822719
-0.0002632504893896
0.0000000000000000
0.0000000000000000
-0.0000228652066507
0.0000000000000000
-0.0006851015504594
0.0000000000000000
-0.0005962896876319
-0.0004156530020136
0.0000000000000000
-0.0003061989643882
0.0000000000000000
0.0000000000000000
0.0000000000000000
0.0000000000000000
0.0000000000000000
-0.0014608574632700
0.0000000000000000
-0.0000401541112485
0.0000000000000000
0.0000000000000000
0.0000000000000000
0.0000000000000000
-0.0002440121233978
0.0000000000000000
0.0000000000000000
-0.0002349493188873
0.0000000000000000
-0.0000627054810458
0.0000000000000000
-0.0000936780924814
0.0000000000000000
0.0000000000000000
-0.0000689283713378
-0.0005169313274180
-0.0000044054679513
-0.0007048095644819
-0.0000404115391444
0.0000000000000000
0.0000000000000000
-0.0000386861675867
0.0000000000000000
-0.0009124972707859
-0.0004162983338123
-0.0005939400698818
0.0000000000000000
-0.0006760370418686
-0.0003963913480547
0.0000000000000000
0.0000000000000000
0.0000000000000000
-0.0006438810290419
-0.0002308359760121
0.0000000000000000
0.0000000000000000
-0.0002099222079064
-0.0000791580007551
-0.0002302457755459
-0.0001394997152371
0.0000000000000000
-0.0000392307516535
-0.0017579395218714
0.0000000000000000
0.0000000000000000
0.0000000000000000
0.0000000000000000
-0.0004584876950293
-0.0000313117726893
0.0000000000000000
0.0000000000000000
-0.0000690246412827
-0.0006747925724984
0.0000000000000000
0.0000000000000000
0.0000000000000000
-0.0002041408238860
-0.0023020594258014
0.0000000000000000
0.0000000000000000
-0.0006336166319052
-0.0001192442782045
-0.0001125484175812
0.0000000000000000
-0.0006362808908182
-0.0004473493987085
0.0000000000000000
-0.0000248875934190
-0.0010360216765815
0.0000000000000000
-0.0001379704880229
0.0000000000000000
0.0000000000000000
-0.0000237716963891
-0.0000349225372211
-0.0007785505606162
-0.0003048962455647
0.0000000000000000
0.0000000000000000
0.0000000000000000
-0.0003222220268579
0.0000000000000000
0.0000000000000000
0.0000000000000000
0.0000000000000000
0.0000000000000000
0.0000000000000000
0.0000000000000000
-0.0017052444641266
-0.0000188734706246
-0.0006076684072784
0.0000000000000000
0.0000000000000000
0.0000000000000000
0.0000000000000000
0.0000000000000000
0.0000000000000000
-0.0002127392309941
-0.0009296884600900
0.0000000000000000
-0.0000803965009748
-0.0001605549558725
-0.0000015412608612
0.0000000000000000
-0.0004795067912653
0.0000000000000000
0.0000000000000000
-0.0000358328509726
0.0000000000000000
0.0000000000000000
0.0000000000000000
0.0000000000000000
-0.0001549491784338
0.0000000000000000
0.0000000000000000
-0.0005996856811308
0.0000000000000000
-0.0000111344487053
-0.0006494218176680
0.0000000000000000
0.0000000000000000
-0.0001137113727285
0.0000000000000000
0.0000000000000000
0.0000000000000000
-0.0013027664332448
0.0000000000000000
0.0000000000000000
-0.0000315206581032
-0.0004150681777890
0.0000000000000000
-0.0005318284155997
0.0000000000000000
0.0000000000000000
-0.0007496990044196
-0.0000523315441843
0.0000000000000000
0.0000000000000000
-0.0008852800042778
-0.0001350448540283
0.0000000000000000
0.0000000000000000
0.0000000000000000
0.0000000000000000
-0.0000681005901413
-0.0001553297879688
0.0000000000000000
-0.0007303334618278
0.0000000000000000
-0.0000689141378611
-0.0000978958646947
0.0000000000000000
-0.0004038291318924
-0.0014521658444835
0.0000000000000000
-0.0003333036625222
-0.0004241888294150
-0.0000211509297507
0.0000000000000000
-0.0021234352819786
-0.0007342907038250
0.0000000000000000
-0.0008237023167474
0.0000000000000000
-0.0000047158039624
-0.0003697243946217
0.0000000000000000
-0.0010929329572527
0.0000000000000000
0.0000000000000000
-0.0000524600127054
0.0000000000000000
-0.0014797901487427
0.0000000000000000
0.0000000000000000
-0.0000762892391801
-0.0007296915447750
-0.0000700532262510
0.0000000000000000
0.0000000000000000
-0.0002164623453424
0.0000000000000000
-0.0001305841922949
-0.0000372547833312
-0.0003786969561048
0.0000000000000000
-0.0006241472056505
0.0000000000000000
0.0000000000000000
-0.0009345539439920
0.0000000000000000
-0.0000023832212026
-0.0001722431548821
0.0000000000000000
-0.0000657001937157
0.0000000000000000
-0.0012229033519500
0.0000000000000000
-0.0017207126375336
0.0000000000000000
0.0000000000000000
-0.0001219435285602
0.0000000000000000
0.0000000000000000
-0.0021117469905807
-0.0001965875528160
0.0000000000000000
-0.0007060908408079
0.0000000000000000
-0.0005512808028207
-0.0000804874804139
-0.0004896497294222
0.0000000000000000
0.0000000000000000
0.0000000000000000
0.0000000000000000
0.0000000000000000
0.0000000000000000
0.0000000000000000
0.0000000000000000
-0.0015371394866808
0.0000000000000000
0.0000000000000000
0.0000000000000000
0.0000000000000000
0.0000000000000000
-0.0000050956734157
-0.0000068309169965
0.0000000000000000
0.0000000000000000
0.0000000000000000
-0.0002413848832017
-0.0006962114043052
0.0000000000000000
0.0000000000000000
-0.0000103953792028
0.0000000000000000
0.0000000000000000
0.0000000000000000
0.0000000000000000
0.0000000000000000
-0.0015222143013158
-0.0004533565643037
-0.0001067117590186
0.0000000000000000
0.0000000000000000
-0.0000813349365600
0.0000000000000000
0.0000000000000000
0.0000000000000000
0.0000000000000000
0.0000000000000000
-0.0002156451332702
-0.0000972197808942
0.0000000000000000
-0.0002806937330888
-0.0006042392886609
0.0000000000000000
-0.0005851482782493
0.0000000000000000
0.0000000000000000
-0.0000686614183198
0.0000000000000000
0.0000000000000000
-0.0001898225907215
-0.0006006190542820
-0.0000216530707462
0.0000000000000000
0.0000000000000000
-0.0010622714020041
0.0000000000000000
-0.0006237407401350
0.0000000000000000
-0.0008253375564831
0.0000000000000000
-0.0000661316157693
-0.0006740973495116
0.0000000000000000
-0.0000711998747356
-0.0001100816512576
-0.0010926378316132
0.0000000000000000
0.0000000000000000
0.0000000000000000
0.0000000000000000
-0.0002059592865660
-0.0002584338209637
0.0000000000000000
-0.0000292390619894
0.0000000000000000
0.0000000000000000
-0.0002395654353613
0.0000000000000000
-0.0004667037011892
-0.0005691534774463
-0.0000393603142008
-0.0010147635593487
-0.0003485718686171
0.0000000000000000
0.0000000000000000
0.0000000000000000
0.0000000000000000
-0.0005337921067632
0.0000000000000000
0.0000000000000000
0.0000000000000000
0.0000000000000000
-0.0002000097417447
-0.0004622714050821
-0.0004464028456557
0.0000000000000000
-0.0006494110312492
0.0000000000000000
0.0000000000000000
0.0000000000000000
0.0000000000000000
0.0000000000000000
0.0000000000000000
-0.0005552269656643
0.0000000000000000
0.0000000000000000
0.0000000000000000
0.0000000000000000
0.0000000000000000
-0.0015942698603393
-0.0000000000000018
-0.0008141886347541
-0.0005159551407239
-0.0004298230478206
-0.0001067366919703
0.0000000000000000
0.0000000000000000
0.0000000000000000
0.0000000000000000
0.0000000000000000
-0.0003791196587866
-0.0000687979700089
-0.0001000614728675
0.0000000000000000
0.0000000000000000
-0.0004013016184317
-0.0000068315799364
0.0000000000000000
-0.0000145900394433
-0.0004482074762109
-0.0008100245605860
0.0000000000000000
0.0000000000000000
0.0000000000000000
0.0000000000000000
0.0000000000000000
0.0000000000000000
0.0000000000000000
0.0000000000000000
0.0000000000000000
-0.0022207767023588
-0.0006491560137647
-0.0000969549093828
0.0000000000000000
-0.0003009648402212
-0.0000953338892558
-0.0000202052038318
-0.0000003303393470
0.0000000000000000
-0.0015663934129755
0.0000000000000000
0.0000000000000000
-0.0144268360829329
-0.0002430008568499
-0.0008263275430540
0.0000000000000000
-0.0001375486139743
-0.0000027660218347
-0.0005167453865553
-0.0013022367912754
-0.0000541424809697
-0.0001305841922949
0.0000000000000000
-0.0005143601120352
-0.0002732836885642
-0.0018907630166307
0.0000000000000000
-0.0004073169155738
-0.0000684869595187
-0.0000223289920829
-0.0007047451890543
-0.0008717982599933
0.0000000000000000
-0.0001230768389551
0.0000000000000000
-0.0001228259852546
-0.0000975511600299
-0.0013107935041194
-0.0009756052432426
-0.0003961308461875
0.0000000000000000
0.0000000000000000
0.0000000000000000
-0.0016093446767584
0.0000000000000000
0.0000000000000000
-0.0002955914357656
-0.0005651603716572
0.0000000000000000
0.0000000000000000
-0.0006959492406313
-0.0004394267389660
-0.0002001191650916
0.0000000000000000
-0.0000091737656405
0.0000000000000000
0.0000000000000000
0.0000000000000000
-0.0001253491916735
0.0000000000000000
0.0000000000000000
-0.0006001793221824
-0.0003862632652751
-0.0002508827576211
-0.0002574853948811
0.0000000000000000
0.0000000000000000
-0.0001852888229621
-0.0008352412547019
0.0000000000000000
-0.0011066622195823
0.0000000000000000
0.0000000000000000
0.0000000000000000
-0.0012215068456971
-0.0000270177998800
0.0000000000000000
-0.0007300947172943
0.0000000000000000
0.0000000000000000
0.0000000000000000
-0.0014698290706772
-0.0001303181081642
-0.0031389426307094
0.0000000000000000
0.0000000000000000
0.0000000000000000
0.0000000000000000
0.0000000000000000
0.0000000000000000
0.0000000000000000
0.0000000000000000
0.0000000000000000
0.0000000000000000
0.0000000000000000
-0.0002507386092123
-0.0000000391990564
0.0000000000000000
0.0000000000000000
0.0000000000000000
0.0000000000000000
0.0000000000000000
0.0000000000000000
0.0000000000000000
0.0000000000000000
-0.0004667069509878
0.0000000000000000
-0.0002540043345025
-0.0000000000000018
0.0000000000000000
0.0000000000000000
0.0000000000000000
-0.0001019263625839
-0.0001964069347409
-0.0005143601120352
0.0000000000000000
0.0000000000000000
0.0000000000000000
0.0000000000000000
-0.0003582722181239
0.0000000000000000
-0.0004032298988879
0.0000000000000000
-0.0000820074051120
-0.0001602164839465
0.0000000000000000
-0.0000595027807755
-0.0003406931842651
0.0000000000000000
0.0000000000000000
0.0000000000000000
0.0000000000000000
0.0000000000000000
-0.0005950533023071
0.0000000000000000
-0.0001544777400913
0.0000000000000000
0.0000000000000000
0.0000000000000000
0.0000000000000000
0.0000000000000000
-0.0000239103718744
0.0000000000000000
0.0000000000000000
-0.0000000397052933
-0.0009121486574752
0.0000000000000000
-0.0002724751222853
0.0000000000000000
0.0000000000000000
0.0000000000000000
-0.0001390491519508
-0.0001712029459231
-0.0004210913706455
0.0000000000000000
0.0000000000000000
0.0000000000000000
-0.0014168274140243
-0.0003649368441785
0.0000000000000000
-0.0001550416338372
-0.0005226816603319
0.0000000000000000
0.0000000000000000
-0.0003261143783337
-0.0005147051211765
0.0000000000000000
-0.0002999282449903
0.0000000000000000
0.0000000000000000
-0.0003959332843166
0.0000000000000000
-0.0003110602578840
-0.0018753346650531
-0.0001908835612472
-0.0034849805711588
-0.0013062766091991
-0.0004682031315308
0.0000000000000000
-0.0001910684130912
-0.0000011817977015
-0.0013486588739262
0.0000000000000000
0.0000000000000000
0.0000000000000000
0.0000000000000000
-0.0000001108326515
0.0000000000000000
0.0000000000000000
-0.0000017128222805
-0.0000336332845272
0.0000000000000000
0.0000000000000000
0.0000000000000000
0.0000000000000000
-0.0005991965365606
0.0000000000000000
-0.0000077153614058
0.0000000000000000
-0.0000734450136886
-0.0007383375102883
0.0000000000000000
0.0000000000000000
-0.0006748112265278
0.0000000000000000
0.0000000000000000
-0.0000885630610501
-0.0017047462762534
0.0000000000000000
0.0000000000000000
-0.0037920858517584
-0.0006541635115109
-0.0003747142668917
0.0000000000000000
0.0000000000000000
-0.0031301486027537
-0.0000689900337623
0.0000000000000000
0.0000000000000000
0.0000000000000000
-0.0007921612444424
0.0000000000000000
0.0000000000000000
0.0000000000000000
-0.0001517599099756
-0.0009811789346781
0.0000000000000000
0.0000000000000000
0.0000000000000000
0.0000000000000000
-0.0000643571792356
0.0000000000000000
0.0000000000000000
0.0000000000000000
-0.0008409240710705
0.0000000000000000
0.0000000000000000
-0.0001372604132364
-0.0004354005399154
0.0000000000000000
-0.0001119814796215
-0.0002397422447729
0.0000000000000000
0.0000000000000000
0.0000000000000000
-0.0016774569754148
0.0000000000000000
0.0000000000000000
0.0000000000000000
0.0000000000000000
0.0000000000000000
0.0000000000000000
0.0000000000000000
-0.0008450116479999
-0.0000660837365896
-0.0006654428143928
-0.0005623332518123
-0.0009609030146613
-0.0004631245170401
0.0000000000000000
-0.0008164251877059
-0.0009870332643427
-0.0000616420421231
0.0000000000000000
0.0000000000000000
0.0000000000000000
-0.0000846442842271
-0.0011507815349425
-0.0002053435414933
0.0000000000000000
0.0000000000000000
0.0000000000000000
-0.0005635522200009
-0.0002513412098644
-0.0000892107647168
0.0000000000000000
0.0000000000000000
-0.0011407533045347
0.0000000000000000
0.0000000000000000
0.0000000000000000
0.0000000000000000
0.0000000000000000
0.0000000000000000
-0.0001752433657618
0.0000000000000000
0.0000000000000000
0.0000000000000000
-0.0011635660342861
0.0000000000000000
0.0000000000000000
-0.0010288515100516
-0.0015809502813227
0.0000000000000000
-0.0000301149700430
-0.0020245841426654
-0.0000686968995485
-0.0004412432473533
-0.0000696851786959
-0.0001975444337639
-0.0011060213532321
0.0000000000000000
0.0000000000000000
0.0000000000000000
-0.0002382621657198
0.0000000000000000
0.0000000000000000
0.0000000000000000
-0.0000395956490049
0.0000000000000000
-0.0003908850256629
-0.0009620953272087
0.0000000000000000
0.0000000000000000
-0.0013750503473755
-0.0004143600964266
0.0000000000000000
0.0000000000000000
-0.0010044000639979
-0.0008445663742140
-0.0005807127434796
-0.0000797723160204
0.0000000000000000
-0.0011699156935236
-0.0001230768389551
0.0000000000000000
-0.0003143251508764
-0.0009059165734833
0.0000000000000000
0.0000000000000000
0.0000000000000000
0.0000000000000000
0.0000000000000000
0.0000000000000000
0.0000000000000000
0.0000000000000000
-0.0001116024641412
0.0000000000000000
0.0000000000000000
0.0000000000000000
-0.0000689313430513
-0.0001848318025033
0.0000000000000000
0.0000000000000000
0.0000000000000000
-0.0000265507746153
0.0000000000000000
-0.0003814589983833
-0.0001995007294919
-0.0001648134314713
-0.0008723060778806
-0.0000316926215920
-0.0005229579485508
0.0000000000000000
-0.0007434319992594
0.0000000000000000
-0.0007329202594981
-0.0006640141002254
-0.0009845688809325
-0.0000553952690936
-0.0006943307075460
-0.0005355214797689
-0.0005864768301329
0.0000000000000000
0.0000000000000000
0.0000000000000000
0.0000000000000000
0.0000000000000000
-0.0001212166538611
-0.0000566622744920
0.0000000000000000
0.0000000000000000
-0.0010464693044376
-0.0003231963306547
-0.0002363390268201
0.0000000000000000
0.0000000000000000
0.0000000000000000
0.0000000000000000
0.0000000000000000
0.0000000000000000
-0.0008023305215623
0.0000000000000000
0.0000000000000000
0.0000000000000000
-0.0010221229227234
0.0000000000000000
0.0000000000000000
0.0000000000000000
0.0000000000000000
0.0000000000000000
-0.0000691282566816
-0.0003450970326355
0.0000000000000000
0.0000000000000000
-0.0000692857656297
-0.0006873029207348
0.0000000000000000
-0.0008735620882501
-0.0000496952476912
-0.0001735987197495
-0.0011153537224580
-0.0001774096518687
-0.0008805365307367
-0.0000686161779591
0.0000000000000000
0.0000000000000000
-0.0001019346724132
-0.0011526544121274
0.0000000000000000
0.0000000000000000
-0.0008399547672049
-0.0047050647780456
-0.0011751686586035
0.0000000000000000
-0.0005289499356795
0.0000000000000000
0.0000000000000000
-0.0000528131160511
-0.0011711173804052
0.0000000000000000
-0.0000731740078237
0.0000000000000000
-0.0000000360375534
0.0000000000000000
-0.0009236145617386
-0.0007799239418098
0.0000000000000000
0.0000000000000000
0.0000000000000000
-0.0000731302839903
-0.0004577177943812
-0.0000214410305528
-0.0014408495139886
0.0000000000000000
-0.0009920731879127
-0.0003885617982426
-0.0003990757971355
0.0000000000000000
0.0000000000000000
0.0000000000000000
0.0000000000000000
0.0000000000000000
-0.0002019612671607
-0.0009099968167785
0.0000000000000000
0.0000000000000000
0.0000000000000000
-0.0001458165927524
0.0000000000000000
-0.0001067117263620
0.0000000000000000
0.0000000000000000
-0.0003091244538336
-0.0009098330619342
-0.0011556478170043
-0.0001260313706517
-0.0005896823595748
-0.0012647527597700
-0.0002382621657198
0.0000000000000000
-0.0001810310483155
0.0000000000000000
0.0000000000000000
-0.0000025463573667
-0.0013324788793216
0.0000000000000000
-0.0009151017406825
-0.0000330404925482
-0.0022172581403268
0.0000000000000000
0.0000000000000000
0.0000000000000000
-0.0008602149894106
0.0000000000000000
0.0000000000000000
0.0000000000000000
-0.0007735748206290
0.0000000000000000
-0.0001807057544454
-0.0015051428583206
-0.0000554575195082
0.0000000000000000
0.0000000000000000
-0.0012164373980585
0.0000000000000000
-0.0036792870290459
0.0000000000000000
0.0000000000000000
0.0000000000000000
0.0000000000000000
-0.0000141564322824
-0.0001291248048734
-0.0017209943491654
-0.0001959904589945
0.0000000000000000
-0.0003232544363456
-0.0009785349753209
0.0000000000000000
0.0000000000000000
-0.0007753124789183
0.0000000000000000
-0.0001504016890923
0.0000000000000000
0.0000000000000000
-0.0012317416761025
-0.0005578440630742
0.0000000000000000
-0.0004924120684677
0.0000000000000000
0.0000000000000000
-0.0001297517731480
0.0000000000000000
0.0000000000000000
0.0000000000000000
-0.0001566267017505
0.0000000000000000
-0.0001209102858830
-0.0000000770795534
0.0000000000000000
0.0000000000000000
0.0000000000000000
-0.0002520202315726
-0.0009426880739980
0.0000000000000000
0.0000000000000000
0.0000000000000000
0.0000000000000000
0.0000000000000000
-0.0009787090101447
-0.0001032401436518
0.0000000000000000
-0.0006200333718525
-0.0003270217058144
-0.0016358972654498
0.0000000000000000
0.0000000000000000
0.0000000000000000
-0.0009158092757016
-0.0001956351495505
0.0000000000000000
0.0000000000000000
0.0000000000000000
-0.0004349096693854
0.0000000000000000
0.0000000000000000
-0.0006384683863843
0.0000000000000000
0.0000000000000000
0.0000000000000000
-0.0000679114787516
-0.0000983501071108
-0.0000690219453396
0.0000000000000000
0.0000000000000000
-0.0003508526134830
0.0000000000000000
-0.0025167941482831
0.0000000000000000
0.0000000000000000
-0.0006376447063570
-0.0008995730899350
0.0000000000000000
-0.0004726797877073
0.0000000000000000
0.0000000000000000
0.0000000000000000
0.0000000000000000
0.0000000000000000
-0.0001361208029813
0.0000000000000000
-0.0019589718939272
0.0000000000000000
-0.0001828256874408
0.0000000000000000
0.0000000000000000
-0.0000711998740464
0.0000000000000000
0.0000000000000000
-0.0001462853542193
0.0000000000000000
-0.0007851034598048
-0.0027217372410693
0.0000000000000000
0.0000000000000000
-0.0000292140261049
-0.0000265382457130
-0.0000477943182968
0.0000000000000000
-0.0000029360762106
-0.0009061615400210
0.0000000000000000
0.0000000000000000
0.0000000000000000
0.0000000000000000
-0.0004196322441352
0.0000000000000000
-0.0004723849843025
0.0000000000000000
0.0000000000000000
-0.0000000397052933
-0.0000295126620173
0.0000000000000000
0.0000000000000000
-0.0000690071721614
-0.0001684028233271
0.0000000000000000
-0.0009609055315067
0.0000000000000000
0.0000000000000000
-0.0005267594461813
-0.0000554548297540
-0.0005001074586701
-0.0000352054843447
0.0000000000000000
-0.0000226469243430
0.0000000000000000
-0.0004278984997566
-0.0005539323258841
0.0000000000000000
0.0000000000000000
0.0000000000000000
0.0000000000000000
-0.0008009268072602
0.0000000000000000
-0.0006377337953385
0.0000000000000000
0.0000000000000000
0.0000000000000000
0.0000000000000000
0.0000000000000000
-0.0002880379295789
0.0000000000000000
0.0000000000000000
0.0000000000000000
0.0000000000000000
0.0000000000000000
-0.0000504407551674
-0.0008053424341892
0.0000000000000000
-0.0005984620166810
0.0000000000000000
-0.0001694020181535
-0.0000010462115707
-0.0006742948621774
-0.0006367805145260
0.0000000000000000
-0.0000421803681672
-0.0011321136115470
-0.0002121227546130
-0.0005184501499311
0.0000000000000000
-0.0008665056540789
-0.0019986485107353
0.0000000000000000
-0.0003634474020870
-0.0001547038385503
-0.0025817604213376
0.0000000000000000
0.0000000000000000
0.0000000000000000
0.0000000000000000
0.0000000000000000
-0.0000249658129370
0.0000000000000000
0.0000000000000000
-0.0002156057767060
0.0000000000000000
0.0000000000000000
0.0000000000000000
-0.0008400153328694
0.0000000000000000
-0.0005997214829012
-0.0004340199398776
0.0000000000000000
0.0000000000000000
0.0000000000000000
0.0000000000000000
-0.0000585210480715
-0.0001814576144437
0.0000000000000000
0.0000000000000000
-0.0009171350952535
0.0000000000000000
0.0000000000000000
-0.0008681534883319
0.0000000000000000
-0.0000879940787986
0.0000000000000000
-0.0002446256702129
0.0000000000000000
0.0000000000000000
0.0000000000000000
0.0000000000000000
-0.0002819578122750
-0.0004293068817844
0.0000000000000000
-0.0000098654338494
-0.0006388125129959
0.0000000000000000
-0.0000130923386283
0.0000000000000000
-0.0009298365539223
-0.0008981250123679
0.0000000000000000
-0.0000090225165774
-0.0000104633754923
0.0000000000000000
0.0000000000000000
-0.0000789519494671
0.0000000000000000
-0.0012360474907140
-0.0002724771153737
0.0000000000000000
-0.0004828504369456
0.0000000000000000
0.0000000000000000
-0.0003232544363456
-0.0000044989045644
0.0000000000000000
-0.0007888959553402
0.0000000000000000
-0.0000473005717421
0.0000000000000000
-0.0001434881559899
0.0000000000000000
-0.0004252178942235
-0.0000000360375534
0.0000000000000000
0.0000000000000000
-0.0006192786719783
0.0000000000000000
-0.0004110648830746
0.0000000000000000
0.0000000000000000
0.0000000000000000
0.0000000000000000
-0.0000003642532569
0.0000000000000000
0.0000000000000000
0.0000000000000000
-0.0007873498579478
0.0000000000000000
-0.0005830171433558
-0.0001286551698367
-0.0001106541990925
0.0000000000000000
0.0000000000000000
0.0000000000000000
-0.0012410406173267
0.0000000000000000
0.0000000000000000
0.0000000000000000
-0.0001851148763627
0.0000000000000000
0.0000000000000000
-0.0000429803845599
0.0000000000000000
0.0000000000000000
-0.0003714939023229
0.0000000000000000
0.0000000000000000
0.0000000000000000
0.0000000000000000
-0.0030892300072800
0.0000000000000000
-0.0000243866713419
0.0000000000000000
-0.0003295147441502
0.0000000000000000
0.0000000000000000
-0.0002277847329957
-0.0005002361926945
-0.0004552170657863
-0.0008611117028181
-0.0017104416856881
0.0000000000000000
-0.0008183772556620
0.0000000000000000
-0.0009737148983060
0.0000000000000000
0.0000000000000000
0.0000000000000000
0.0000000000000000
0.0000000000000000
0.0000000000000000
-0.0009799148680827
0.0000000000000000
0.0000000000000000
0.0000000000000000
-0.0000475032956562
0.0000000000000000
-0.0000601976845829
0.0000000000000000
-0.0000848158605251
-0.0002123535887577
-0.0001718708136060
-0.0003571852433701
-0.0000330586497466
-0.0011327381208854
-0.0001197909570152
-0.0000059588780150
-0.0008491073520887
0.0000000000000000
-0.0001363766529234
-0.0002511677824728
0.0000000000000000
-0.0002408784616570
-0.0003349451475643
-0.0008557751947276
-0.0001475198181389
-0.0000690243973143
-0.0005864768301329
0.0000000000000000
-0.0006261158304426
0.0000000000000000
-0.0002939157871094
-0.0007107657217986
-0.0011659990256074
0.0000000000000000
-0.0000376477170079
0.0000000000000000
-0.0002297706799101
-0.0003491634916468
-0.0000015412608612
0.0000000000000000
0.0000000000000000
-0.0009939943374953
0.0000000000000000
-0.0008856223498306
0.0000000000000000
0.0000000000000000
0.0000000000000000
-0.0004085993752465
-0.0001170433836197
-0.0002904947086595
0.0000000000000000
-0.0000000756463159
0.0000000000000000
-0.0000590610541433
-0.0008868835659275
-0.0006308109320106
-0.0009273565174670
-0.0000993028038110
-0.0005881523667881
-0.0000968678847553
0.0000000000000000
-0.0000332358238726
0.0000000000000000
-0.0011028068934973
0.0000000000000000
0.0000000000000000
-0.0006308109320106
0.0000000000000000
-0.0014343138921085
0.0000000000000000
-0.0008815539839837
0.0000000000000000
0.0000000000000000
-0.0000469522612949
0.0000000000000000
-0.0001003997700462
0.0000000000000000
0.0000000000000000
0.0000000000000000
-0.0000141910052420
0.0000000000000000
-0.0005369947725011
-0.0001318508589669
0.0000000000000000
0.0000000000000000
0.0000000000000000
-0.0009716477150103
0.0000000000000000
0.0000000000000000
-0.0000690493010591
0.0000000000000000
0.0000000000000000
0.0000000000000000
0.0000000000000000
-0.0000693359621682
0.0000000000000000
-0.0011181544685321
-0.0009287512958647
0.0000000000000000
0.0000000000000000
-0.0004170492521691
0.0000000000000000
0.0000000000000000
-0.0001304587114230
-0.0000693821421969
0.0000000000000000
0.0000000000000000
0.0000000000000000
0.0000000000000000
-0.0006920079191381
-0.0003658051803495
-0.0000688741086439
-0.0006743448322091
-0.0006608375559143
0.0000000000000000
-0.0011406965018725
-0.0005548196913843
-0.0001167830878952
-0.0019578960870046
-0.0000755415043283
-0.0030382257730839
0.0000000000000000
0.0000000000000000
-0.0002148708682963
-0.0002724751222853
-0.0000820882145796
-0.0014573188987814
-0.0002122938902502
-0.0000512794646639
-0.0000691528298340
0.0000000000000000
0.0000000000000000
-0.0000818483471825
-0.0008617937491344
0.0000000000000000
-0.0005083666588828
0.0000000000000000
0.0000000000000000
-0.0007174421671543
-0.0002904947086595
0.0000000000000000
-0.0000686991196979
-0.0000180755187884
-0.0017681546320336
-0.0000866058117932
-0.0010930353030929
-0.0009114546448679
-0.0010145733931495
0.0000000000000000
-0.0018701970420096
-0.0007005090939298
-0.0001790248216889
-0.0003555803224575
-0.0000731302839903
-0.0002391113881188
-0.0012470005012606
-0.0002641904652609
-0.0006804105593581
-0.0000070274133233
0.0000000000000000
-0.0008107688760752
-0.0001197130635457
-0.0011873227811989
0.0000000000000000
-0.0001249585533856
-0.0010342975209259
-0.0000198734797596
-0.0003679569245847
-0.0000071947806166
-0.0003549134067278
-0.0017429134397080
-0.0018948073440495
-0.0020256868398860
-0.0012432394961941
-0.0002480762838601
-0.0000213125113238
-0.0008206496357150
-0.0000739650600465
0.0000000000000000
-0.0003897040153156
0.0000000000000000
-0.0000725652522622
-0.0002111633248294
-0.0001908835612472
-0.0011301746021335
0.0000000000000000
-0.0000068315127386
-0.0007249944859886
0.0000000000000000
-0.0004784780900877
0.0000000000000000
0.0000000000000000
-0.0004549916392769
-0.0004119640458544
0.0000000000000000
0.0000000000000000
0.0000000000000000
-0.0002262249266742
0.0000000000000000
-0.0005452862454405
-0.0008382170667751
0.0000000000000000
-0.0002399262017967
-0.0014144202415505
-0.0013534855631274
-0.0010176073089774
0.0000000000000000
0.0000000000000000
-0.0003052917512090
-0.0000306332440214
-0.0000528131160511
0.0000000000000000
-0.0000692646764779
0.0000000000000000
0.0000000000000000
-0.0002507386092123
-0.0001721339910254
0.0000000000000000
-0.0002871434608060
-0.0000058202899602
-0.0000746794047242
-0.0000050299030576
-0.0000548747340954
0.0000000000000000
-0.0005835244646697
-0.0013830683593525
-0.0005464823908277
0.0000000000000000
-0.0002302457755459
-0.0009983466022536
-0.0001728007661423
-0.0002571899331247
-0.0010709590264160
-0.0004054731773913
0.0000000000000000
0.0000000000000000
0.0000000000000000
0.0000000000000000
-0.0026053682854759
-0.0002945678426922
-0.0001067117966471
0.0000000000000000
0.0000000000000000
0.0000000000000000
-0.0010490988231311
0.0000000000000000
-0.0000784295590375
-0.0004387222666935
-0.0002684964160249
-0.0013059178815880
0.0000000000000000
-0.0011796479393293
-0.0000036004211719
-0.0000035921972827
-0.0002751355513322
-0.0000035992976475
-0.0004181995165489
-0.0001056454859594
0.0000000000000000
-0.0003406518031426
0.0000000000000000
0.0000000000000000
-0.0021050228117900
0.0000000000000000
-0.0013412127369676
0.0000000000000000
-0.0012510121303571
-0.0000802759116940
-0.0002301775007663
0.0000000000000000
-0.0002516026757124
0.0000000000000000
0.0000000000000000
-0.0003928467450915
0.0000000000000000
0.0000000000000000
0.0000000000000000
-0.0003697243946217
-0.0011288072235196
-0.0003795322362059
0.0000000000000000
-0.0001113430883777
-0.0022303940086097
-0.0000282257860658
0.0000000000000000
-0.0012044733356156
-0.0003175420135175
-0.0005071393485796
0.0000000000000000
-0.0005827532773033
-0.0003303959975280
-0.0005047106535088
-0.0001284518867166
0.0000000000000000
-0.0000311058673255
0.0000000000000000
-0.0008263694818389
0.0000000000000000
-0.0001634593807918
-0.0000082309582332
0.0000000000000000
-0.0013941725533204
-0.0000000499366699
-0.0009432825840712
0.0000000000000000
-0.0008432123467230
0.0000000000000000
0.0000000000000000
0.0000000000000000
-0.0005973462070834
-0.0006195893474583
-0.0009052723555900
0.0000000000000000
-0.0005339525660695
-0.0009028165360121
-0.0000687127388161
-0.0000111344487053
-0.0000000000000036
-0.0000503860357224
-0.0000249294191477
-0.0004179014487349
-0.0001807057544454
0.0000000000000000
-0.0007435201222830
-0.0000488383482065
0.0000000000000000
-0.0009811789346781
0.0000000000000000
-0.0000404925229915
0.0000000000000000
0.0000000000000000
-0.0001002831575541
-0.0006245177179043
-0.0005253623026213
0.0000000000000000
-0.0000228652066507
-0.0006788825995514
0.0000000000000000
-0.0004783772665515
0.0000000000000000
-0.0007846961041569
0.0000000000000000
-0.0006254417398726
-0.0007298115145780
0.0000000000000000
-0.0007295799885760
0.0000000000000000
-0.0001724425325893
0.0000000000000000
0.0000000000000000
0.0000000000000000
-0.0011862986578564
-0.0003863985659436
-0.0005217269772757
-0.0004133345847741
-0.0008185246887109
0.0000000000000000
0.0000000000000000
-0.0003025469163269
0.0000000000000000
0.0000000000000000
-0.0002574853948811
-0.0006768998125679
-0.0000709827111596
-0.0001771319796831
-0.0005503069279342
-0.0000133686545283
0.0000000000000000
-0.0000173463264090
-0.0000611966619690
0.0000000000000000
0.0000000000000000
0.0000000000000000
-0.0000683316992554
-0.0004639318739184
-0.0000875755406309
0.0000000000000000
-0.0002307406009514
-0.0000069216620648
-0.0000069216620648
0.0000000000000000
-0.0013101194931444
-0.0003287639744443
-0.0007918435003322
-0.0000482489259710
-0.0000488156639964
0.0000000000000000
-0.0001172997515493
-0.0012575305588634
-0.0001029644310027
-0.0002279595329959
0.0000000000000000
-0.0000937365704221
-0.0010114027065562
0.0000000000000000
0.0000000000000000
-0.0000062687829789
0.0000000000000000
0.0000000000000000
0.0000000000000000
-0.0025063765596620
-0.0032020160294284
-0.0000534233418978
-0.0009659956206765
0.0000000000000000
0.0000000000000000
0.0000000000000000
-0.0008564635034141
-0.0001945910982215
-0.0000825813905205
-0.0000841484897283
0.0000000000000000
-0.0001926076189580
0.0000000000000000
-0.0007031175324954
0.0000000000000000
-0.0010411146317395
-0.0004033780303239
-0.0008208032986250
-0.0002916757309581
0.0000000000000000
0.0000000000000000
-0.0005020432847953
-0.0005171765827310
0.0000000000000000
-0.0002258685089611
-0.0019005958563625
0.0000000000000000
-0.0006729294971315
-0.0010168360570244
-0.0003934846156781
0.0000000000000000
-0.0012703772310445
0.0000000000000000
0.0000000000000000
-0.0004296699354818
-0.0012778879327140
-0.0003322017886607
0.0000000000000000
-0.0004395001092075
-0.0000515354816688
-0.0005309267514573
-0.0002366946392041
0.0000000000000000
0.0000000000000000
0.0000000000000000
-0.0007711770706695
-0.0003794036092497
-0.0004570321046806
-0.0000114061815655
-0.0011615333618060
-0.0002921325417056
-0.0000762401919783
-0.0000975166054307
-0.0003863136307203
-0.0003337684674847
-0.0006340036719887
-0.0000691350207873
-0.0008974402431274
-0.0013812397812991
0.0000000000000000
-0.0003606303614454
0.0000000000000000
-0.0003287473475222
-0.0002632504893896
0.0000000000000000
0.0000000000000000
-0.0000013390091524
-0.0000764093899157
-0.0000014946969085
-0.0003756094425356
-0.0000039142279231
-0.0011961402655896
0.0000000000000000
-0.0008038686001992
0.0000000000000000
-0.0008050731077702
-0.0007738554983394
0.0000000000000000
-0.0001311492706435
-0.0000978127868212
0.0000000000000000
0.0000000000000000
-0.0001124840978584
-0.0005205308253302
-0.0000409202869722
0.0000000000000000
-0.0000270177998800
0.0000000000000000
0.0000000000000000
-0.0005747155777414
0.0000000000000000
0.0000000000000000
0.0000000000000000
0.0000000000000000
-0.0003075123008642
0.0000000000000000
0.0000000000000000
-0.0002955914357656
0.0000000000000000
-0.0005124952646849
0.0000000000000000
0.0000000000000000
0.0000000000000000
0.0000000000000000
-0.0000685754375116
0.0000000000000000
-0.0010210252522249
-0.0004597808801137
-0.0000401340498772
-0.0000269838340703
0.0000000000000000
-0.0012052706682706
-0.0006384838693307
-0.0008200318550085
-0.0003117480686097
-0.0008183772556620
-0.0000600329251768
-0.0004680561792139
-0.0009802429874597
0.0000000000000000
0.0000000000000000
-0.0000837312127580
-0.0000551755964242
-0.0000432247709945
-0.0004404233988815
-0.0009278848206655
0.0000000000000000
0.0000000000000000
0.0000000000000000
-0.0003395737757117
-0.0013628672760433
0.0000000000000000
-0.0013607427040636
-0.0000746839993209
-0.0001827014691216
-0.0005448614757491
-0.0007764129598957
-0.0002358234303355
0.0000000000000000
-0.0009479586586760
0.0000000000000000
-0.0008171475795375
-0.0008827652595649
-0.0002496265518577
0.0000000000000000
0.0000000000000000
0.0000000000000000
0.0000000000000000
-0.0000444765821701
-0.0005204961858549
-0.0003915663256020
0.0000000000000000
-0.0004256322756788
0.0000000000000000
-0.0000000000000018
0.0000000000000000
0.0000000000000000
0.0000000000000000
0.0000000000000000
0.0000000000000000
0.0000000000000000
0.0000000000000000
0.0000000000000000
0.0000000000000000
-0.0006635494147549
-0.0005350004195730
-0.0008954610290299
0.0000000000000000
-0.0004773375896381
0.0000000000000000
-0.0004373783112488
0.0000000000000000
0.0000000000000000
0.0000000000000000
-0.0004474882919556
0.0000000000000000
-0.0005617012178600
-0.0002683789039910
-0.0000215597007980
-0.0002654607120238
0.0000000000000000
0.0000000000000000
-0.0005930070659197
-0.0007121011936029
0.0000000000000000
-0.0007080374447401
-0.0003268574769955
-0.0000032889529251
-0.0000021638511285
-0.0000005179987781
-0.0000929373982608
-0.0000000000000036
-0.0006409216399987
-0.0006491560137647
0.0000000000000000
0.0000000000000000
0.0000000000000000
-0.0005187936777755
-0.0005812731727985
0.0000000000000000
-0.0001002580366247
0.0000000000000000
-0.0008392709019311
0.0000000000000000
0.0000000000000000
0.0000000000000000
-0.0000513969540297
-0.0013654617178780
-0.0006873029207348
0.0000000000000000
0.0000000000000000
0.0000000000000000
0.0000000000000000
0.0000000000000000
-0.0008642356058868
-0.0005325008296282
0.0000000000000000
0.0000000000000000
-0.0000801218509050
-0.0003638996374349
0.0000000000000000
0.0000000000000000
-0.0007995858839323
-0.0001983377754176
-0.0010392146158438
-0.0000011906396526
-0.0000011816907950
-0.0010858817448920
-0.0001780912649014
-0.0000006454309744
-0.0010278857891031
-0.0029318033756276
-0.0005418070459395
-0.0003917332953840
0.0000000000000000
-0.0000689130244726
0.0000000000000000
0.0000000000000000
-0.0008005147951646
-0.0005970281587722
-0.0001666345070870
0.0000000000000000
0.0000000000000000
-0.0001734337495094
0.0000000000000000
-0.0017677969034704
0.0000000000000000
-0.0003420058527528
-0.0000434200080974
0.0000000000000000
0.0000000000000000
-0.0014634874176007
0.0000000000000000
0.0000000000000000
0.0000000000000000
0.0000000000000000
-0.0002911872999007
0.0000000000000000
-0.0000000000012523
0.0000000000000000
-0.0001577114713296
0.0000000000000000
-0.0000343853538283
0.0000000000000000
-0.0010840502531231
0.0000000000000000
-0.0004424380605403
0.0000000000000000
0.0000000000000000
-0.0025591068009270
-0.0002548487281597
-0.0013246041529609
0.0000000000000000
0.0000000000000000
0.0000000000000000
0.0000000000000000
0.0000000000000000
-0.0001275615049909
-0.0000382721310910
0.0000000000000000
-0.0007224361171989
0.0000000000000000
0.0000000000000000
-0.0001004060565695
0.0000000000000000
-0.0000051389025373
0.0000000000000000
-0.0001552136685170
0.0000000000000000
-0.0000080536923779
0.0000000000000000
0.0000000000000000
-0.0000690931503904
0.0000000000000000
-0.0000255502656756
0.0000000000000000
-0.0003724676538006
-0.0005984448298921
-0.0006006190542820
0.0000000000000000
-0.0007157008941618
0.0000000000000000
-0.0015242863619065
-0.0004851946030318
0.0000000000000000
0.0000000000000000
0.0000000000000000
0.0000000000000000
-0.0000543387134613
-0.0006416410240018
-0.0001350181339799
0.0000000000000000
-0.0008636637218551
-0.0000548750804974
-0.0008463026521870
0.0000000000000000
0.0000000000000000
0.0000000000000000
0.0000000000000000
0.0000000000000000
0.0000000000000000
-0.0001412420996729
-0.0009164463749247
-0.0007059595676697
-0.0005211644987657
-0.0000682955231106
-0.0003584306294542
0.0000000000000000
-0.0021823565243260
-0.0000190672013307
-0.0009644491862915
-0.0006286378824303
0.0000000000000000
0.0000000000000000
-0.0004009347400462
0.0000000000000000
0.0000000000000000
0.0000000000000000
0.0000000000000000
-0.0000252693744969
0.0000000000000000
-0.0000929373982608
-0.0008148389493030
-0.0003152149520904
0.0000000000000000
-0.0009634686070488
-0.0008127411345704
0.0000000000000000
-0.0002021441850264
0.0000000000000000
-0.0003560994129330
-0.0014117872265444
-0.0008667048093880
-0.0006918583943651
0.0000000000000000
-0.0000953726634272
0.0000000000000000
0.0000000000000000
-0.0014651138254198
0.0000000000000000
-0.0010700221032174
-0.0000692193079832
-0.0001777580155000
-0.0004136503961849
0.0000000000000000
0.0000000000000000
0.0000000000000000
-0.0001365784583474
-0.0000690443838227
0.0000000000000000
-0.0000737238486703
-0.0018730714115041
0.0000000000000000
-0.0003237626153378
0.0000000000000000
0.0000000000000000
-0.0003347201612769
-0.0000597363384518
-0.0000235764699656
-0.0004937170423975
-0.0005663309955111
-0.0007600820241613
-0.0003562509523896
-0.0003315373591910
0.0000000000000000
0.0000000000000000
0.0000000000000000
-0.0013635249401780
0.0000000000000000
0.0000000000000000
0.0000000000000000
0.0000000000000000
-0.0003385587550664
0.0000000000000000
-0.0000172066362456
0.0000000000000000
-0.0000543746503130
-0.0001413314901679
0.0000000000000000
0.0000000000000000
0.0000000000000000
0.0000000000000000
0.0000000000000000
0.0000000000000000
0.0000000000000000
0.0000000000000000
-0.0000611721291683
0.0000000000000000
0.0000000000000000
-0.0009531654183679
-0.0001966652663228
0.0000000000000000
-0.0006342797929033
-0.0000037425489126
-0.0011830104784281
0.0000000000000000
0.0000000000000000
-0.0000864514934769
0.0000000000000000
0.0000000000000000
-0.0011791840990583
-0.0000271371950458
-0.0006701840272818
0.0000000000000000
-0.0006781007269474
0.0000000000000000
0.0000000000000000
0.0000000000000000
-0.0003260175346007
-0.0004502466644745
0.0000000000000000
-0.0000512075044607
0.0000000000000000
-0.0015380702185528
0.0000000000000000
0.0000000000000000
0.0000000000000000
0.0000000000000000
-0.0000037405101221
-0.0000404911515979
-0.0010393476904884
-0.0008295008467663
-0.0000629768173948
0.0000000000000000
0.0000000000000000
0.0000000000000000
0.0000000000000000
-0.0000000392556299
-0.0008440603739537
-0.0021921231152575
-0.0012222559505748
-0.0001852888229621
-0.0006319225197959
0.0000000000000000
-0.0001114489906726
-0.0001652618769281
0.0000000000000000
0.0000000000000000
0.0000000000000000
-0.0002805025915382
0.0000000000000000
0.0000000000000000
0.0000000000000000
0.0000000000000000
0.0000000000000000
0.0000000000000000
0.0000000000000000
-0.0007615027242860
0.0000000000000000
-0.0003715252366767
0.0000000000000000
0.0000000000000000
0.0000000000000000
0.0000000000000000
-0.0009926609513560
0.0000000000000000
-0.0000000100504796
0.0000000000000000
0.0000000000000000
-0.0000387620896056
0.0000000000000000
0.0000000000000000
0.0000000000000000
-0.0014685628952193
0.0000000000000000
0.0000000000000000
0.0000000000000000
0.0000000000000000
0.0000000000000000
0.0000000000000000
-0.0002732836885642
0.0000000000000000
0.0000000000000000
-0.0001116682207503
0.0000000000000000
0.0000000000000000
-0.0000537526930930
-0.0000692102206656
0.0000000000000000
0.0000000000000000
0.0000000000000000
0.0000000000000000
-0.0000584311121781
0.0000000000000000
0.0000000000000000
-0.0000867953316241
-0.0000867953316241
0.0000000000000000
0.0000000000000000
-0.0001027966065461
-0.0011424681513184
-0.0006005398598052
0.0000000000000000
0.0000000000000000
0.0000000000000000
0.0000000000000000
0.0000000000000000
0.0000000000000000
0.0000000000000000
-0.0001363610090248
-0.0000255491215277
-0.0000255491215277
-0.0000185983965100
-0.0000363283334703
0.0000000000000000
0.0000000000000000
0.0000000000000000
0.0000000000000000
-0.0005668033364721
0.0000000000000000
0.0000000000000000
-0.0007571796243617
-0.0007137681885858
0.0000000000000000
-0.0003103588765505
-0.0006578482568305
-0.0008692093461864
-0.0004913282764409
-0.0000684116121938
0.0000000000000000
0.0000000000000000
-0.0005215114186097
-0.0016985908970408
0.0000000000000000
0.0000000000000000
0.0000000000000000
0.0000000000000000
-0.0007702258454270
0.0000000000000000
-0.0009969083683110
-0.0005459544186284
-0.0010524031269554
0.0000000000000000
-0.0007835974263237
0.0000000000000000
-0.0004261152993319
-0.0002509496639007
0.0000000000000000
0.0000000000000000
-0.0009087837307291
0.0000000000000000
0.0000000000000000
0.0000000000000000
0.0000000000000000
0.0000000000000000
0.0000000000000000
-0.0003549134067278
-0.0001397069371851
0.0000000000000000
0.0000000000000000
0.0000000000000000
0.0000000000000000
0.0000000000000000
0.0000000000000000
0.0000000000000000
-0.0000766707936144
0.0000000000000000
-0.0008184739686143
0.0000000000000000
-0.0000680266103643
0.0000000000000000
0.0000000000000000
0.0000000000000000
0.0000000000000000
0.0000000000000000
0.0000000000000000
-0.0004332209567046
-0.0003724589944447
-0.0000791580007551
0.0000000000000000
0.0000000000000000
0.0000000000000000
0.0000000000000000
0.0000000000000000
0.0000000000000000
0.0000000000000000
-0.0037745495751977
-0.0001403174968733
0.0000000000000000
0.0000000000000000
0.0000000000000000
0.0000000000000000
0.0000000000000000
-0.0000000799551234
0.0000000000000000
0.0000000000000000
-0.0000936780924814
-0.0001159784948968
-0.0002363390268201
-0.0003591799188687
-0.0000393217740040
0.0000000000000000
0.0000000000000000
0.0000000000000000
0.0000000000000000
0.0000000000000000
0.0000000000000000
0.0000000000000000
-0.0003696026192390
0.0000000000000000
0.0000000000000000
0.0000000000000000
-0.0000352678036819
-0.0000940881128475
-0.0011411035156375
0.0000000000000000
0.0000000000000000
0.0000000000000000
0.0000000000000000
0.0000000000000000
0.0000000000000000
-0.0005287517388641
0.0000000000000000
-0.0000120285249050
0.0000000000000000
-0.0006484526807178
0.0000000000000000
0.0000000000000000
0.0000000000000000
0.0000000000000000
-0.0000604993833164
0.0000000000000000
0.0000000000000000
0.0000000000000000
-0.0012710307464658
-0.0006200333718525
0.0000000000000000
0.0000000000000000
0.0000000000000000
0.0000000000000000
0.0000000000000000
0.0000000000000000
-0.0009278321102393
0.0000000000000000
-0.0003357745031085
-0.0000001108326515
0.0000000000000000
-0.0000000000000036
0.0000000000000000
-0.0005661961283039
-0.0000330750365602
0.0000000000000000
0.0000000000000000
0.0000000000000000
0.0000000000000000
0.0000000000000000
0.0000000000000000
0.0000000000000000
-0.0007568734404568
0.0000000000000000
0.0000000000000000
0.0000000000000000
-0.0008958927391287
0.0000000000000000
0.0000000000000000
-0.0009525253266283
-0.0007949108729246
-0.0013813334954804
0.0000000000000000
-0.0008395986424983
0.0000000000000000
0.0000000000000000
0.0000000000000000
0.0000000000000000
0.0000000000000000
0.0000000000000000
0.0000000000000000
0.0000000000000000
0.0000000000000000
-0.0015915931943731
0.0000000000000000
0.0000000000000000
0.0000000000000000
0.0000000000000000
0.0000000000000000
0.0000000000000000
0.0000000000000000
-0.0003045913151389
-0.0009989564226203
-0.0012421016269979
0.0000000000000000
0.0000000000000000
-0.0004298230478206
0.0000000000000000
0.0000000000000000
0.0000000000000000
0.0000000000000000
-0.0006249020933922
0.0000000000000000
0.0000000000000000
0.0000000000000000
-0.0014346697464038
0.0000000000000000
0.0000000000000000
0.0000000000000000
-0.0001840736246326
0.0000000000000000
0.0000000000000000
0.0000000000000000
0.0000000000000000
0.0000000000000000
0.0000000000000000
0.0000000000000000
0.0000000000000000
0.0000000000000000
0.0000000000000000
0.0000000000000000
-0.0004198444360739
0.0000000000000000
0.0000000000000000
