1 2
3 4
3 5
3 6
3 7
3 8
9 10
11 12
11 13
14 15
16 17
18 19
20 21
20 22
23 24
23 25
26 27
28 29
28 30
31 32
33 34
33 35
33 36
33 37
33 38
33 39
33 6
33 40
33 41
33 42
33 43
33 44
45 46
45 47
45 48
45 49
45 50
51 52
51 53
54 55
56 57
56 58
56 59
56 60
56 61
56 62
56 63
56 64
56 65
56 66
56 67
56 68
56 69
56 70
71 72
71 73
74 75
74 76
74 77
78 79
78 80
78 81
82 83
84 85
86 87
86 88
86 89
90 91
92 93
92 94
95 96
95 97
98 99
98 100
101 102
101 103
101 104
101 105
101 61
101 106
101 107
101 108
101 109
101 110
111 112
111 113
111 114
111 115
111 116
111 117
111 118
111 119
111 120
111 121
111 122
123 61
123 124
125 126
125 61
127 128
127 129
127 130
127 131
132 133
132 134
135 136
135 137
135 138
135 139
135 140
141 142
143 144
145 146
147 148
149 150
149 151
152 153
152 154
155 156
155 157
158 159
158 160
158 161
162 163
164 128
164 165
164 166
164 167
164 168
164 130
164 169
164 131
164 170
164 171
172 93
172 173
174 175
176 177
178 179
178 180
178 181
178 182
178 183
184 185
186 187
186 188
186 150
186 189
186 190
186 191
192 193
192 194
195 196
195 197
195 198
195 199
195 61
195 200
195 201
195 202
203 204
203 205
206 207
208 209
208 210
208 211
212 213
212 214
212 215
216 217
216 218
219 220
219 221
222 223
222 224
222 225
222 226
222 227
228 229
228 230
228 231
228 199
228 105
228 61
228 232
233 234
233 235
233 236
207 237
207 238
207 239
207 240
207 241
242 243
244 245
246 12
247 248
249 250
249 251
249 252
253 254
255 256
257 258
257 259
257 260
261 262
261 263
261 264
261 265
261 266
261 267
261 134
268 269
268 270
271 272
273 274
273 275
273 276
277 278
142 279
142 280
142 281
282 283
282 284
282 285
282 286
282 287
282 288
289 290
291 292
291 293
291 294
291 295
296 297
296 298
299 300
299 122
299 301
302 303
302 304
302 305
302 306
302 307
302 308
309 310
311 312
311 313
311 314
311 315
311 316
311 317
311 318
311 319
311 320
311 321
311 322
311 323
311 324
311 325
311 326
311 327
328 75
328 329
330 331
332 333
332 334
335 336
335 337
338 339
340 133
340 341
342 343
344 75
344 345
346 347
348 349
348 350
351 352
351 353
351 354
351 355
351 356
351 357
358 359
358 360
358 361
358 362
363 364
363 365
363 366
367 368
367 369
367 370
367 371
367 372
367 373
367 374
367 375
367 376
367 377
378 258
378 379
378 380
381 382
381 383
384 385
384 386
384 387
384 388
384 389
384 390
384 391
392 393
392 394
392 395
392 396
397 398
399 400
399 401
402 403
404 405
404 406
404 345
404 407
404 408
409 138
410 21
410 22
411 412
411 413
411 414
411 415
352 416
352 417
352 418
352 419
352 357
420 421
422 423
34 424
34 425
34 426
427 428
427 429
427 430
427 431
427 432
427 433
434 435
434 436
437 438
439 440
133 441
359 360
359 442
359 441
443 444
443 445
446 447
446 448
449 450
449 451
452 343
453 454
455 456
457 458
459 460
461 462
463 464
465 75
465 466
467 468
467 30
467 469
360 470
360 362
360 471
360 472
473 474
475 476
112 477
112 478
128 479
128 480
128 131
128 481
128 121
128 482
128 483
128 484
128 485
486 103
486 198
486 61
486 110
487 488
487 489
487 6
487 129
487 490
487 491
487 492
487 44
487 493
494 495
494 496
497 498
499 500
501 502
501 503
501 504
501 117
501 505
506 507
506 508
506 168
506 509
510 511
52 53
512 513
512 514
512 515
512 516
512 517
512 518
512 157
512 519
520 521
520 522
520 150
523 524
424 35
424 36
424 39
424 6
424 40
424 41
424 42
424 43
424 44
525 526
525 490
525 527
525 528
529 168
529 530
529 531
532 533
532 534
532 103
532 535
536 537
536 538
536 129
536 130
536 539
405 540
405 407
405 408
541 542
541 543
541 544
541 545
258 259
258 482
4 6
4 7
546 547
548 549
548 550
548 551
548 552
548 553
554 555
554 556
554 557
558 559
560 561
562 563
564 565
564 566
564 567
568 569
570 571
570 572
573 138
574 575
574 576
577 578
577 579
577 580
577 150
577 380
577 581
577 582
583 584
585 586
585 587
585 588
589 590
591 592
593 594
595 596
595 597
598 599
598 600
598 601
24 25
602 603
602 604
602 605
602 606
607 608
607 609
607 610
607 611
612 613
612 61
614 615
616 617
618 619
620 621
213 482
213 622
623 624
625 626
627 628
627 629
627 630
631 632
631 633
631 634
635 636
635 637
638 639
640 641
640 642
640 243
640 643
640 644
640 645
640 646
647 648
647 649
650 651
652 653
652 103
654 655
654 656
654 657
658 659
658 660
661 662
663 664
665 666
665 267
665 134
458 388
458 390
667 668
667 669
667 670
667 671
667 672
667 472
667 673
674 675
676 677
678 679
678 680
678 681
678 682
678 683
678 684
678 685
678 686
678 687
678 688
678 689
690 691
692 693
694 695
694 272
668 669
668 696
668 697
668 672
668 673
698 699
698 700
698 701
702 703
702 704
702 705
706 75
707 708
707 709
707 710
711 712
711 713
711 714
679 715
679 684
679 272
679 685
679 686
716 717
716 718
719 103
719 231
719 198
719 199
719 61
719 720
719 110
721 6
99 722
99 723
99 724
99 100
99 725
726 41
727 728
727 729
727 730
727 731
727 732
733 734
733 735
736 737
736 738
736 626
736 739
740 741
740 742
740 743
740 744
740 745
740 746
102 747
102 748
102 165
102 749
102 750
102 108
102 109
102 110
102 751
752 753
752 754
752 755
756 757
758 759
758 760
761 762
763 75
763 764
763 765
766 767
768 769
768 770
771 772
771 169
771 773
771 774
775 776
777 778
777 779
777 780
781 782
783 784
783 370
783 785
783 373
783 786
787 788
787 770
787 490
787 789
787 492
787 528
790 229
790 791
792 793
794 729
794 795
794 796
794 731
794 732
797 61
797 110
575 798
575 799
575 240
575 800
575 801
575 407
575 802
803 804
803 805
806 793
807 385
807 808
809 737
809 343
809 810
811 812
811 813
811 292
811 814
811 137
811 815
811 816
811 817
811 626
811 818
811 819
811 739
820 821
822 823
822 824
825 230
826 827
826 828
829 830
831 832
833 834
835 836
835 837
835 838
835 839
835 163
840 841
842 843
842 844
842 845
812 846
812 847
812 738
812 815
812 626
812 739
812 848
849 850
849 851
852 91
852 30
852 853
852 469
854 855
854 210
854 856
854 857
854 858
854 859
860 861
862 537
862 863
864 865
864 488
864 866
864 867
864 527
868 869
868 870
871 872
873 874
873 875
876 877
876 878
876 879
880 881
880 882
883 884
885 886
885 887
888 889
888 890
223 227
891 892
891 893
894 895
894 896
894 897
894 898
899 900
832 901
902 61
902 106
903 904
905 906
907 908
907 909
907 910
907 911
912 913
912 914
915 312
915 325
916 917
918 919
804 920
804 805
297 488
921 922
921 923
741 924
741 744
741 925
741 745
926 927
928 230
928 106
928 929
930 197
930 931
930 932
930 933
930 934
930 61
930 935
930 936
930 717
930 937
930 718
930 938
939 940
939 243
939 941
942 943
944 945
747 772
747 750
747 105
747 946
747 106
747 947
747 773
747 948
747 110
949 950
949 951
952 953
954 955
954 956
954 957
958 959
958 187
958 582
960 287
961 962
961 963
57 964
57 59
57 965
57 61
57 62
57 63
57 64
57 106
57 65
57 966
57 70
57 967
968 969
970 971
970 972
970 973
974 742
975 976
977 843
977 844
977 978
979 980
981 982
981 983
984 281
985 986
987 988
632 634
989 990
989 991
992 993
269 270
994 995
994 996
994 997
998 634
998 999
1000 1001
1000 1002
1000 1003
1000 1004
1005 1006
1005 1007
760 971
1008 1009
1010 1011
1010 1012
1013 1014
1013 1015
1013 1016
1013 1017
1013 1018
1013 1019
1013 1020
444 445
1021 93
1021 1022
361 416
361 1023
1024 1025
1024 70
1026 1027
1028 1029
1028 1030
1031 1032
1033 1034
1033 1035
1036 1037
1038 1039
1040 1041
1040 1042
1040 491
1040 1043
1040 1044
1040 171
1045 1046
1045 691
1047 1048
1049 1050
608 609
608 538
608 610
608 611
1051 1052
1051 1053
368 630
1054 1055
1056 1057
753 339
1058 1059
1058 1060
1058 1061
300 301
1062 1063
1064 946
1064 185
1064 1065
1064 1066
1064 1067
1068 1069
1068 1070
1071 1072
524 1046
524 691
1073 1074
1073 1075
1076 1077
1078 1079
1080 1081
1082 1083
1082 1084
1085 1086
1085 1087
1085 1088
1085 1089
1085 1090
1085 1091
1092 138
964 58
964 965
964 1093
964 63
964 64
964 67
964 1094
964 535
1095 1096
1095 1097
1095 1098
1095 1099
1100 1101
1102 1103
1104 653
1104 518
1105 1106
1105 1107
1108 75
1108 345
1109 1110
1109 1111
1112 1113
1112 288
1114 1115
1116 1117
1116 25
1118 1119
1120 1121
1122 1123
1124 717
1125 1126
1125 1127
1128 1129
1128 1130
1128 1131
1128 1132
1133 1134
1135 122
1136 1137
1138 281
1138 1139
1138 50
1140 483
1140 30
533 488
533 526
533 527
533 483
533 1141
641 642
1142 1143
1142 909
1046 1144
1145 1146
1147 1148
1149 784
1149 785
1149 786
1150 1151
680 683
680 684
680 272
680 686
680 687
680 688
680 689
1152 75
1152 1153
1152 1154
1152 357
1155 881
1156 1157
1158 940
1159 1160
1159 1161
1159 1162
1163 1164
1163 1165
742 25
742 1166
742 924
742 745
1167 1168
1167 1169
959 1170
959 791
959 1171
959 1172
959 1173
959 1174
1175 1176
1175 130
1175 530
1175 1177
1175 1178
1179 1180
865 1042
865 1181
1182 1183
1182 1166
1184 1185
1186 1187
1186 466
1188 1189
1190 1191
1190 1192
1190 1193
1190 1194
1195 1196
1195 714
1197 1198
1199 1200
1201 1202
1203 1204
1203 1205
1203 1206
1203 1207
1203 1208
1209 1210
1209 514
1209 515
1209 516
1209 517
1209 518
1209 157
1209 519
1211 417
1211 243
1211 1212
1211 1213
1214 1215
1214 1216
1217 1218
1217 1219
1217 1220
1217 1221
1222 1223
1224 1225
1226 1227
1226 709
1226 1228
1226 1229
1230 1231
1230 426
1230 1232
1233 1234
1235 1236
681 684
681 272
681 686
681 687
681 688
681 689
1237 1238
1237 1239
1240 1241
1242 855
1242 1243
1242 1244
1245 1246
1247 1248
1247 1249
1247 1250
1251 1252
1251 163
1253 1254
1253 1255
1256 151
1257 1258
1257 1099
1259 1260
1259 1261
1262 813
537 1263
537 1264
537 1265
537 1266
537 479
537 1267
537 1268
537 1269
537 492
537 1270
537 528
537 482
537 483
1271 1272
1271 1273
1274 1275
196 1276
196 1277
196 165
196 1278
196 1279
196 198
196 199
196 1280
196 61
196 1281
196 1282
196 1283
196 717
196 720
196 1284
196 110
196 1285
196 1286
1287 202
1288 1289
1288 1215
1288 343
1288 323
1290 1291
1292 1293
1294 1295
1294 1296
1297 1298
1299 1300
1299 1301
1299 1302
1299 1303
1304 1305
1306 1187
1307 1308
1307 1309
1310 1042
1310 491
547 1311
547 1312
547 1313
1314 370
1314 373
1314 1315
488 489
488 866
488 526
488 231
488 1316
488 6
488 1143
488 1317
488 1318
488 1319
488 490
488 491
488 298
488 492
488 527
488 528
488 30
488 1172
488 1173
1320 1321
1320 1322
1323 1324
1325 1326
1325 120
1325 1327
1325 1328
416 417
416 1329
416 1330
416 419
416 355
416 357
1331 737
1331 1164
1331 1332
1333 1334
1333 1335
1336 1337
1187 1338
1187 1339
1187 325
1340 325
1341 1342
1343 1344
1345 1346
1347 1348
1347 1349
1347 1350
1347 339
1347 1107
1347 1351
1352 913
1352 1353
1352 1354
1355 1356
1355 744
1357 1358
1357 1359
5 1254
5 6
5 1360
5 1041
5 1317
5 1361
5 1362
5 1255
5 856
220 1363
220 1364
220 1365
220 1366
220 1367
1368 569
1369 75
1370 1371
1370 1372
578 579
578 150
578 191
748 103
748 104
748 198
748 61
748 1282
748 1373
748 517
748 170
197 199
197 1374
1375 940
1375 243
1375 941
1376 613
1376 61
1377 1378
274 276
274 1379
274 1380
1381 1382
1383 838
1383 1384
1385 738
1385 739
1386 900
1386 1387
1388 1389
1390 1161
1391 1392
1391 1393
1391 1216
1394 1395
1396 1397
1396 248
1396 1398
1399 1400
1401 137
1401 818
1401 1402
1254 1317
1254 1361
1403 1404
1405 1406
1407 1408
1409 1410
1409 1411
1412 319
1412 1413
1412 326
1414 978
1389 1415
1389 1397
1389 1416
1417 272
590 1418
1419 1420
1419 1421
1422 962
1423 1424
1425 1426
1425 1427
1428 1429
1428 1430
1428 1431
836 17
836 1432
836 1433
836 1434
1435 1436
1435 1437
1438 61
1438 106
699 230
699 61
699 1439
699 1225
1440 1441
1440 1442
1443 1444
1443 1445
1443 1446
1443 1447
1443 1448
1449 1450
126 248
1451 1452
1451 1453
1454 1455
1456 1457
1456 1458
1456 1162
1459 1208
1460 1461
1460 1462
1463 1464
1463 1465
1466 1467
312 1468
312 1469
312 316
312 1470
312 1471
312 978
312 1472
312 1246
312 325
417 1329
417 1473
417 353
417 354
417 1474
417 1475
417 243
417 419
417 400
417 1476
417 355
417 1477
417 1478
417 1479
417 1241
417 1480
417 1481
417 1482
417 357
1263 1265
1263 1270
1483 1484
1485 1268
1485 1486
1487 1488
1487 1006
1489 75
1489 1490
1491 1492
1491 1493
1491 240
1227 103
1227 61
1227 1494
1227 1228
1227 937
1227 110
1495 267
1495 134
1495 1496
1497 850
1497 851
1498 1499
1498 1023
1500 1501
1502 1503
35 1504
35 1505
35 1506
303 304
303 305
303 307
303 308
1507 60
1507 6
1507 1361
1508 1509
1508 1510
1014 1016
1014 406
1014 1018
1014 802
1014 1511
1512 1513
1512 1514
1515 75
1516 1475
1516 1480
1517 1518
1517 1519
1517 1520
1517 1521
1137 1522
1137 1523
722 1524
722 1525
722 1526
722 1527
722 1528
722 1529
722 1530
722 951
1531 1532
1531 1533
1534 1392
1534 1535
1536 1537
639 1538
639 1539
1540 1392
1540 1541
1540 1322
1542 1543
1542 1544
1542 1545
1542 1546
1547 1408
1548 1549
1550 217
1550 599
1550 478
1551 1552
1551 1553
1554 924
1554 744
1555 1556
75 1557
75 940
75 1558
75 329
75 1559
75 1560
75 72
75 502
75 466
75 1561
75 503
75 1562
75 924
75 1563
75 1564
75 1153
75 1565
75 662
75 1566
75 1567
75 893
75 1568
75 1569
75 1570
75 1154
75 1571
75 1572
75 764
75 1573
75 1479
75 1574
75 1007
75 1575
75 1313
75 323
75 1576
75 1577
75 1578
75 1579
75 1580
1581 1582
313 1583
313 1584
772 199
772 61
772 106
772 1585
1586 199
1586 61
1586 936
1586 1587
1586 110
1557 1479
1588 1589
1588 1590
1588 1591
1588 1592
1588 1593
1594 1595
1596 185
1596 1597
1596 1598
304 305
304 306
304 307
304 1599
1600 1601
1602 769
1602 1603
1602 113
1602 1604
1605 1606
1607 1608
1609 1549
1610 851
1611 1612
1611 1132
1613 1614
495 496
495 1615
784 1616
784 1617
784 1239
1618 1619
1618 1620
1621 1622
1623 281
1623 1598
1624 1625
1626 1627
1626 1628
1629 1630
1629 1472
1629 1246
1629 1631
1632 1408
1632 1633
1634 1635
1636 1637
1638 1639
1640 1641
1640 322
58 59
58 103
58 229
58 61
58 62
58 63
58 64
58 106
58 65
58 66
58 966
58 70
58 1642
1643 1644
769 1420
1645 1644
1408 1646
1408 373
1408 1647
1408 1648
1408 1649
1408 1633
1650 1651
59 965
59 60
59 1093
59 63
59 64
59 106
59 67
59 69
59 966
59 70
59 967
59 535
1652 1464
1652 1465
1392 971
1392 1653
1392 1183
1392 1654
1392 1655
1392 1166
1392 1656
1392 1570
1392 1393
1392 1657
1392 1658
1392 1535
1406 1659
1660 1661
1662 103
1662 774
1662 170
1662 1663
1664 1665
1664 1666
1664 1667
1074 1668
1074 1669
1670 61
1670 1671
1672 1192
1672 1673
1672 267
1674 1236
1675 1676
940 262
940 243
940 1677
940 1567
940 893
940 1568
940 345
940 1168
940 1678
940 972
940 1679
1680 643
1680 1631
1681 1682
1681 1683
1684 1685
1684 1686
1457 385
1457 1687
1457 113
1457 1688
1689 1690
1689 1527
1691 1692
1693 109
1694 1695
17 1696
17 1697
17 1698
17 1699
17 1416
314 1700
314 978
314 1246
314 325
314 1576
1461 709
1461 1701
1702 1275
315 1471
1703 1704
1703 1705
1703 1706
1707 1708
1709 1710
1711 1712
270 1713
609 166
609 514
609 130
609 1714
609 516
609 517
609 518
609 611
609 1715
609 1716
1717 1718
1719 1720
1444 382
1444 1721
1444 1722
1723 1724
1725 1726
1725 1727
569 1728
569 1729
569 1730
569 1731
569 1732
569 1733
569 1734
569 1735
569 1736
1737 1738
1737 1592
1739 295
1541 1653
1541 1740
1541 1741
1541 1742
1541 1743
1541 1744
1541 1656
1541 1657
1541 1745
1541 1216
1746 254
846 1747
846 441
1748 1749
1748 1750
1748 1751
1752 1476
1753 1754
1753 1404
1753 1755
36 1756
36 1591
36 1757
36 1758
36 1759
1760 1761
489 298
1762 1434
1762 1763
1764 579
1764 1616
1764 150
1764 1765
1766 1767
1768 1769
1770 1373
1770 1404
1704 1705
877 878
1771 100
1771 951
1772 1773
1772 810
1772 347
1772 1004
1772 1774
1775 229
1775 231
1775 62
1775 65
1775 1439
1775 68
1775 1776
1775 70
1777 1778
1779 1780
708 1781
708 1782
708 1783
708 1784
1115 1218
1115 1785
1115 1221
986 1467
1522 466
1786 1787
1788 1789
1790 1791
1792 705
1329 1478
1793 1794
1432 839
1432 1434
1795 1072
1795 1796
1797 1212
1798 339
1646 370
1646 1799
1646 1616
1646 586
1646 1800
1646 373
1646 587
1646 1801
869 1802
1803 1804
1803 1805
1803 1806
1807 1808
1809 1326
1809 120
1809 1327
1809 1328
1809 1810
1811 1001
653 1812
653 481
653 516
653 517
653 518
1813 1814
1813 406
1813 1815
976 272
976 1816
976 308
976 1817
1818 1819
931 103
931 933
1820 1821
1820 893
1820 1822
1823 543
1823 633
1011 1012
1011 1824
1825 1826
1504 39
87 1827
1828 1781
1829 1679
1830 1831
1830 1832
1830 1833
1834 1835
1836 1837
1838 881
1363 1366
1363 1839
1840 1069
837 1665
1841 1842
1843 1844
224 225
224 226
728 1845
225 1846
1847 88
534 1848
534 154
534 483
534 1849
534 1850
1851 1007
1852 1853
1852 1854
1852 138
1855 1856
1855 1857
1855 1858
1855 1243
1859 1860
850 1861
850 851
1862 1863
1864 1865
1864 113
1866 927
1867 1868
1869 1870
103 165
103 965
103 1279
103 60
103 515
103 1604
103 1871
103 717
103 1872
103 493
103 937
103 30
103 1067
103 1873
103 1874
103 1875
103 1876
103 1284
1877 1720
1878 1879
1878 1298
1880 1881
1882 1883
1728 1735
1884 1885
1886 1887
1888 1799
1889 1890
1891 1892
778 779
778 1893
866 1181
866 1894
1895 393
1895 1896
1897 1041
1897 1898
1897 171
1899 1900
1899 1901
1899 978
675 881
675 1902
675 1903
1210 515
1210 1812
1210 516
1210 519
1904 1905
1904 1906
1907 1908
1907 61
1909 1910
1909 1911
971 1912
971 1913
971 1914
971 1658
76 1915
76 1916
470 1917
1910 1885
1910 1918
1919 1920
669 671
669 696
669 1921
669 672
1922 1923
1922 137
1924 1925
1926 1927
1928 1929
1930 1931
1932 1933
1560 1690
1560 1934
1560 1935
1936 1937
1938 1939
1938 1940
1938 1941
234 235
37 462
37 40
1942 596
788 526
788 231
788 240
788 214
788 527
1943 1944
1945 343
1501 61
1946 1947
1948 1949
1948 1950
1856 1951
1856 1952
1953 1954
1170 1955
1956 1429
1276 199
1276 61
1276 774
1276 1284
1276 110
262 243
262 1568
262 1678
1957 1958
1959 1960
77 1961
77 1962
77 1963
1964 913
1964 914
1964 1965
1964 1745
1966 1967
1968 1069
1969 1970
1969 1971
1972 1973
1974 1041
1490 503
1490 1338
1490 122
1490 978
1490 505
1490 325
1975 1976
353 1977
353 1978
1979 1980
385 1687
385 1981
385 389
1982 1983
450 451
1589 1590
1984 1985
1984 1986
1984 256
456 1987
275 276
1277 61
1277 107
1277 1373
1277 110
1277 202
1277 1302
1364 1988
38 40
38 44
1204 1208
1204 1989
1990 1991
1992 1993
737 1994
737 817
737 810
1995 1996
1997 138
507 1998
507 1999
507 530
507 491
507 426
507 2000
507 2001
507 484
507 2002
507 171
2003 838
2003 63
2003 2004
2003 1778
2003 966
1492 2005
2006 2007
2008 1915
670 2009
670 2010
2011 2012
2013 1446
2013 1148
1248 1249
1248 1250
2014 2015
1622 2016
2017 466
2017 2018
2017 2019
2017 1574
2017 1030
1378 2020
1378 2021
2022 2023
2022 2024
2025 1518
2025 1520
2025 2026
2025 2027
1653 1740
1653 1166
1653 1656
1653 2028
1653 1523
1653 2029
1653 2030
2031 2032
2033 2034
2035 2036
1218 1221
2037 2038
2039 1319
906 2040
906 2041
476 1628
757 129
757 2042
757 130
757 946
757 2043
1015 406
1015 802
1015 1511
2044 2045
2044 2046
2044 2047
2044 2048
2044 1885
2044 600
2044 2049
1603 119
435 1493
579 2050
579 2051
1264 483
2052 2053
2054 2055
2054 343
2054 2056
2057 630
838 62
838 2058
838 1778
838 821
838 163
838 2059
838 2060
165 104
165 198
165 538
165 199
165 2061
165 61
165 106
165 107
165 2062
165 109
165 517
165 110
165 2063
165 2064
2065 2066
2065 2067
2065 1617
2068 2069
2070 2071
2070 2072
2070 2073
2074 2075
2076 559
2076 539
749 104
749 105
749 107
749 108
749 110
2077 2078
2079 2080
2081 2082
2083 2084
2085 2086
2085 2087
2085 2088
364 365
364 366
2089 2090
2089 2091
1518 2092
1518 1801
1518 2093
2094 2095
793 210
793 2096
793 2097
2098 2099
1967 2100
1967 2101
2102 2103
1469 2104
965 1093
965 63
965 64
965 67
965 1094
965 535
2105 2106
2105 2107
1183 2108
2109 500
2109 2110
2109 2111
2112 2113
2112 83
2114 2115
1436 2116
1436 2117
1436 2118
2119 2120
2119 323
2119 1935
540 2121
540 2122
316 1561
316 643
316 122
316 1246
316 324
316 1576
1740 1657
1740 1658
2123 2124
549 550
2125 1191
2125 267
354 2126
576 2005
526 492
526 483
526 171
229 2127
229 1093
229 70
2128 2129
2128 2130
550 551
550 552
468 2131
468 2132
932 1970
932 110
2133 2134
2133 89
2045 2135
1278 199
1278 61
1278 774
1278 1284
1278 110
542 2136
542 1944
542 2137
2138 2139
2138 2140
2141 2142
1458 2143
1458 2144
1458 2145
2146 2147
2148 2149
2150 810
2151 1393
2152 2153
2152 2154
2152 2155
2156 2157
2158 2159
2158 2160
2158 1273
2161 294
2161 2162
2163 252
2164 2165
2164 2166
496 2167
496 2168
2169 2170
2169 2171
1857 1243
2172 2173
230 61
230 700
230 2174
230 67
230 69
230 1225
230 701
2175 2176
2177 538
2177 2178
2177 1252
2177 61
2177 62
2177 106
2177 65
2177 2179
2177 1225
2177 2180
2177 2181
2182 904
231 2178
231 199
231 61
231 62
231 63
231 130
231 106
231 700
231 65
231 492
231 2174
231 2179
231 774
231 966
231 170
231 171
231 2183
231 110
231 1225
231 2184
231 2185
231 2186
1503 292
2187 2170
2188 194
2189 490
2190 2191
1741 2192
2193 2194
2193 2195
403 630
2196 2197
2198 61
2198 1452
2199 1620
2200 2201
2200 2202
2203 2204
1316 508
1316 1898
1316 490
990 2205
1756 1591
1756 1758
1955 2206
2207 2208
2209 1620
1117 25
1951 1185
1951 2210
2211 263
2211 266
1300 2212
1300 2213
2214 700
2214 2215
2214 2183
2214 2216
2214 1225
2214 535
2217 2218
2217 2219
2220 988
682 2221
682 272
682 686
2222 2223
2222 2224
2222 2225
2222 572
2222 2226
2227 2228
2227 1059
2227 1061
1690 1934
1690 1526
1690 2229
1612 2230
1612 2231
502 503
502 2232
502 505
2233 2234
466 2019
466 2235
466 1574
2236 2237
2238 2239
2238 2240
27 2241
2242 539
1279 61
1279 491
1279 482
2243 2244
2243 535
900 1397
900 248
900 2245
900 2246
104 198
104 199
104 1282
104 108
104 109
104 720
104 1663
104 751
60 61
60 62
60 63
60 106
60 65
60 70
379 1591
379 61
379 1758
379 2247
393 2248
2249 2250
2249 2251
2249 1842
1231 130
1231 426
1231 1043
2252 2253
2252 1367
2252 2225
2252 2254
2165 2255
2165 2166
2256 47
2256 2257
2127 1094
382 383
382 2258
217 243
217 2259
2260 586
2260 587
2260 1633
2261 2262
1911 599
1911 2263
1911 2048
1911 2264
1911 2265
2266 1814
2266 2267
2266 1815
2250 2251
2250 1842
25 2268
25 2269
25 2270
25 2271
198 199
198 750
198 61
198 200
198 205
198 1282
198 720
198 110
198 535
2221 2272
2221 2273
2221 2274
2221 683
2221 686
500 919
2275 2276
1583 1561
1583 1584
2277 2278
462 40
2279 2280
1977 442
1977 1978
1977 357
2281 1519
2281 2282
2281 2283
2281 628
2281 2284
2281 630
2285 889
2285 890
2285 2286
1488 2287
1488 1006
2288 177
2289 1697
2290 1069
2290 1090
1358 2291
1358 2292
1358 1359
1358 2293
2294 199
2294 106
2294 519
2295 2296
2297 2298
2299 406
160 2300
2301 1761
250 2302
2303 2304
2303 2167
2305 1041
2305 491
2305 1044
2305 171
729 1845
729 731
729 732
2306 2307
2308 267
2309 2310
2309 2311
559 130
559 1050
2312 61
2312 1871
2312 2313
2312 1225
2084 2314
2084 1641
85 2315
2316 2317
2318 2319
1350 2320
371 851
371 376
371 802
2321 1734
2321 1735
2321 2322
1687 387
1687 2323
1687 1688
1985 2324
1985 2325
1001 1003
1001 2326
2327 2328
2327 2137
2329 2330
2329 2331
2332 2333
2121 2291
2121 243
2121 2287
2121 345
1012 2334
2335 2336
2337 1616
2337 786
2337 2027
2338 2339
2338 2340
2338 1151
2341 2342
2341 2343
2341 2344
2341 2345
2341 2346
666 2347
666 267
666 645
166 610
6 168
6 2348
6 130
6 426
6 281
6 49
6 2215
6 2349
6 7
6 8
1729 1733
2350 2351
2352 2353
2352 2354
1900 1630
1900 1246
2355 2356
2357 46
2357 49
2358 2359
2358 2360
2361 2362
2361 2019
1543 1544
2363 2364
2365 2366
2365 1804
538 1143
538 935
538 2367
538 1282
538 515
538 720
538 2368
538 519
538 2369
538 1796
538 2181
2370 2371
1360 1255
1360 2372
1360 856
1630 1656
1093 61
1093 62
1093 63
1093 64
1093 106
1093 65
1093 966
1093 967
1093 535
2373 2374
2230 2231
2230 2375
2230 830
2376 2377
2376 2378
2379 1439
2379 2380
2328 2381
2328 2382
2328 2137
1814 2383
2384 2385
2386 2387
1176 2388
2389 2390
2389 1842
508 168
508 1898
508 530
508 96
508 509
508 97
508 839
508 2391
129 1143
129 2392
129 530
129 426
129 2393
129 2394
129 1663
2395 2396
1191 1821
1191 1822
1191 267
1191 2397
2398 492
2399 2400
2401 1106
2402 2403
2404 2405
2406 798
1697 544
1697 1433
1697 2407
1697 1608
1697 138
2408 2409
2408 2410
2408 2411
2408 2412
305 272
305 2413
2414 272
2415 2416
2417 2418
2419 2420
2273 307
2273 686
2421 2422
2421 2423
2421 2424
2135 2046
2135 2047
2135 2048
2135 1885
2135 600
2135 2049
847 1747
847 441
2178 2425
2178 61
2178 106
2178 1225
2426 2427
1802 2428
1802 2429
1802 2430
2431 2432
2433 2434
1192 1496
886 887
2435 2436
2437 2438
2437 2439
46 47
46 49
46 2440
46 50
2441 2442
2443 2444
1561 318
1561 1584
1561 2445
1561 2271
2055 2446
2034 1712
2034 2447
2034 2448
2449 2450
2451 1494
2451 2174
2451 2452
1730 1735
1016 406
1016 1017
1016 1815
1016 1018
1016 1019
1016 407
1016 802
1016 1511
2453 2454
2455 1881
2456 406
2456 1017
2456 407
1258 2457
2458 288
2459 2460
2459 2461
2459 138
2462 2463
2462 2464
2462 2307
933 937
933 202
2465 2162
349 350
2466 2467
2466 1089
2374 2468
2374 2469
2470 2471
2472 272
2473 1441
1079 2474
365 366
1041 1361
1041 1362
1041 1044
1721 1722
2475 2476
2475 2477
2241 2463
2241 2464
2241 2278
1356 744
1356 2478
2479 913
2479 2480
2479 2319
2476 1318
2481 1601
199 1280
199 750
199 105
199 935
199 1282
199 1441
199 108
199 1283
199 947
199 773
199 1065
199 720
199 937
199 1066
199 1067
199 110
199 1285
199 1286
199 2482
199 232
199 2483
1415 1870
2484 2234
2485 2460
2485 2486
1280 61
1280 774
1280 1284
1280 110
2487 2488
2487 2489
2487 2490
2487 2491
2487 2492
2487 1598
2493 2287
290 1754
290 630
290 2494
2495 887
318 321
2496 919
93 173
93 2497
93 1022
2498 2499
2500 2501
750 105
750 530
750 2064
2502 2503
2502 1513
2504 2505
2504 2174
2504 2506
2507 544
2507 264
2507 265
2508 12
2508 2509
2508 13
167 61
167 1759
167 110
2291 799
2291 2510
2291 1571
2291 2293
2405 2511
2405 734
2512 2204
2513 2514
2513 138
2515 1510
2122 408
423 2516
1143 61
1143 130
1143 909
1143 1269
1143 773
1143 1782
1143 30
2517 2518
2517 2519
2517 2520
187 2521
187 188
187 1268
187 190
2522 1794
1590 1593
1901 1006
1901 325
2042 2043
2523 2524
851 376
851 2525
2526 1089
2526 1824
2527 2528
2527 1776
613 2529
613 828
2530 194
1519 373
1519 1801
1519 963
861 2325
1220 1221
2531 2255
2531 2166
2531 2532
2533 61
2534 2535
1591 169
1591 619
1591 1228
1591 1065
1591 1759
2536 2537
2538 2539
2540 2541
2540 2542
2425 106
2425 2174
2425 2179
2409 2543
2544 2545
2546 2547
2548 2549
2550 1096
2550 813
2550 294
2550 1098
2550 1099
2551 2552
2551 1708
2553 2554
105 108
105 110
2555 454
1749 1751
881 913
870 2556
603 2557
2558 1250
1252 2183
1252 2216
2255 2166
2255 2532
2559 1241
2560 2307
2561 2562
2561 2563
2564 1476
2564 2270
2565 2566
2565 2394
2567 2568
2567 951
1742 122
1742 2569
2570 2571
2570 2257
2570 2572
2573 2574
1635 2575
712 713
712 521
712 1196
2576 2577
2576 2578
779 2579
779 780
2580 924
2580 2416
2580 1905
2580 2235
2580 2581
2126 2582
2126 243
2126 264
2126 265
2126 1526
2583 2584
2521 2585
1520 2092
1520 1801
1520 2093
1902 2586
2587 2588
2589 281
2589 1139
2589 50
1166 1657
1166 2478
2590 2591
2592 2593
387 389
1160 2594
1160 2595
2596 1439
934 61
934 2597
934 106
934 773
934 110
934 1225
2598 2599
2600 2601
2026 786
2026 2027
2323 1981
2323 2602
2603 2604
2603 193
2603 2605
513 2606
2061 1282
2061 2607
2608 442
2608 1499
2609 644
2610 1244
2611 1628
2611 963
2612 2613
2614 7
2615 373
2446 137
2446 2056
1157 2616
1157 2617
2618 2619
2618 1189
406 800
406 1018
406 1019
2620 2621
1086 1089
1086 1091
2622 2623
2624 2467
2625 2626
2625 1059
2627 2628
2629 1293
2630 2631
2046 649
2046 2048
2046 1885
2046 600
1846 226
2632 2633
2632 588
2632 2634
993 2635
2636 2480
2636 646
2637 845
2638 2367
2639 2640
2503 2641
1947 2642
723 724
723 725
723 2643
2644 2489
2282 2284
2282 786
2282 1628
2282 963
2410 2543
1998 168
1998 509
1998 2215
2606 168
2606 2645
2606 530
2606 2218
2606 2215
2606 2219
2336 248
2646 1096
2646 1098
2647 2648
2649 2650
2651 2652
924 744
924 1312
924 2653
924 745
924 2654
1096 2655
1096 815
1096 294
1096 1553
1096 1097
153 1315
785 61
785 786
2656 539
2656 896
867 1042
867 527
867 1181
429 2657
429 1069
429 2658
61 1671
61 770
61 2659
61 200
61 1272
61 1282
61 2660
61 1039
61 1441
61 2661
61 107
61 108
61 2662
61 1283
61 2663
61 2664
61 936
61 2665
61 1373
61 947
61 2179
61 2666
61 717
61 1872
61 1439
61 773
61 2452
61 1065
61 720
61 1094
61 937
61 30
61 1066
61 1067
61 929
61 1873
61 1874
61 1860
61 1663
61 2247
61 1285
61 751
61 2369
61 2667
61 2313
61 2668
61 2482
61 2529
61 232
61 1404
61 202
61 1225
61 2477
1087 117
2269 1535
2597 535
2669 2670
2669 2088
168 130
168 131
168 491
168 2671
168 509
168 2672
168 97
168 1853
168 451
168 839
168 484
2066 2673
2674 2675
2674 2676
1524 1950
1524 100
1524 1529
1524 1530
2086 2087
1961 1006
514 519
514 610
2159 1890
2159 1273
2159 2677
2678 2613
2678 1637
2678 2679
2680 2681
237 2682
2683 1353
2683 897
1865 1981
113 1914
113 2684
2685 599
2685 2048
2685 2652
2416 1906
2686 1986
80 81
655 130
655 426
504 505
2687 2688
2687 2689
1113 2690
1113 287
1113 288
1113 2691
2692 2693
2166 337
2166 2532
2166 2694
2571 2695
2571 2572
2696 1599
1474 418
2697 2698
2699 2700
2699 1060
2116 1437
1616 1765
1616 786
1616 2701
1616 1239
1743 2702
1743 2510
1743 978
1743 325
1318 1894
2703 2704
2705 163
935 2706
935 110
2707 2016
2707 1494
2095 2708
2095 240
2095 241
2095 2709
2710 1754
2711 1726
2711 2712
2713 2714
2715 2716
1726 2463
1726 2464
2717 130
2717 1178
47 49
47 2718
47 1983
2719 2720
2721 2722
2723 2724
2725 2726
2727 2728
2729 2730
2619 1189
1986 256
1986 2325
2731 2732
2733 1335
2734 2735
2736 1103
2224 2737
1999 2738
1999 426
1999 2739
1999 1228
1999 1229
1544 1546
2740 2741
642 264
642 265
2549 2742
2549 2743
2549 2744
2549 2745
2746 2747
2746 2675
1161 2594
1161 2748
1266 1268
425 1796
683 272
683 686
2749 2750
843 844
843 845
2751 2752
2753 2050
2754 2755
2756 1853
2756 1767
813 815
813 818
2757 2758
1934 1526
1934 1935
2759 2760
2761 310
2761 2762
2763 2764
418 419
418 355
418 2765
418 357
2139 2766
1734 874
1734 875
586 1647
586 588
586 2767
2768 97
2769 2770
1205 1206
1205 1989
479 150
882 2771
62 64
62 1778
62 1171
62 67
62 69
62 967
62 163
62 535
2772 703
2772 2394
2772 2773
2772 1106
2100 2101
1361 1362
2774 2775
2774 2518
2774 2519
2774 2520
2776 1481
1387 248
1387 2195
1387 7
2777 373
2231 2778
2231 2375
2738 2779
2738 2739
2738 2001
2738 1228
2738 1229
2738 1759
2738 2780
2781 853
770 789
770 528
1397 909
1397 2782
1397 1162
1397 83
2143 2144
2143 1420
913 914
913 1353
913 2439
913 1965
913 1745
913 2480
1513 1842
2645 130
2645 2671
2645 509
2645 2672
2645 97
2645 1853
2645 451
2645 839
2645 7
2783 2784
2320 2785
2320 1107
2659 106
1898 1319
1898 1826
1898 30
2786 1920
889 890
889 2286
2787 2788
1281 936
1017 802
1017 1511
2789 2790
713 714
2791 2792
63 64
63 106
63 66
63 67
63 69
63 967
63 535
2793 1453
200 720
2794 2795
2392 130
2392 1493
2796 2381
2796 2797
2796 2798
2799 2800
2801 2802
1773 2552
1773 1804
2803 2804
2805 978
551 2806
205 1441
205 2505
205 720
205 2506
205 1796
205 2181
2807 1754
2283 2284
243 2808
243 1267
243 2809
243 264
243 265
243 1168
243 1678
243 1194
243 356
243 1477
243 1679
243 1935
2810 2811
2810 2812
2813 2088
2813 2635
130 530
130 131
130 1494
130 426
130 1269
130 2218
130 1177
130 2393
130 170
130 610
130 2394
130 1663
130 2814
2815 2816
2815 2817
2811 2812
2818 1110
2488 2819
1272 2393
2820 30
2821 2822
2821 786
2821 1628
2823 2824
2779 2825
2779 2739
2826 43
2827 2828
1282 107
1282 2062
1282 517
1282 110
2829 2830
515 519
2554 2029
2831 2714
445 2832
1366 1839
2833 819
2834 2835
2836 118
709 2837
709 97
709 1759
709 2838
2839 1598
2840 2841
2340 1151
1039 1439
2842 2843
2842 2844
1319 29
1319 171
530 2671
530 509
530 2215
530 2452
2845 1637
2845 1099
539 1050
29 2846
1939 1526
2047 599
2047 2048
2847 2848
2304 2167
1326 1327
1326 1328
1326 1810
544 2849
115 122
115 1194
2850 1337
2851 1656
2851 844
2851 2852
2851 2853
2851 2854
2851 2855
2851 845
2856 441
292 343
292 2857
2858 2859
2860 2861
2511 1528
2862 2863
2862 2864
2865 42
2865 2866
2657 1206
2657 154
2657 1849
2092 1801
480 2867
480 2868
419 355
419 2765
1206 1207
1206 1989
2099 2869
64 106
64 67
64 69
64 966
64 967
64 535
1003 1004
336 2270
336 337
336 2694
2867 2868
2835 1027
1666 1667
684 685
684 686
684 687
2870 2225
2489 2871
2489 2819
2489 2491
2489 2492
2872 824
1441 1442
1441 2873
1441 2874
1812 516
1812 517
1812 1598
2655 1097
2655 1098
2875 1476
1052 138
1395 1312
2876 2877
2876 2878
169 106
169 947
169 1758
169 2183
2879 2716
2381 2880
2381 2881
239 2682
2849 2648
1714 610
2882 1620
2883 2716
1088 1089
1088 1069
1088 1091
2884 2607
2884 2885
1556 2886
1301 1669
580 2050
1668 1669
1668 1302
1042 527
1042 2873
1042 1044
131 946
131 2393
131 30
131 171
42 2866
2388 1177
2388 1178
2887 691
2887 693
2463 2888
400 401
400 1478
400 357
2566 1106
521 714
2808 2889
814 137
814 2890
814 815
814 816
2891 2892
2893 2218
2889 1169
276 1379
2894 415
855 1620
2895 2896
2895 2897
2898 2899
2900 2024
2901 2902
2471 2775
2471 2271
2903 673
2016 1494
2904 2905
2906 454
2907 2908
628 373
628 2284
2909 1620
2910 567
2910 2911
1164 1994
1164 2912
1164 739
738 739
2087 2088
454 281
454 2913
454 2914
454 2915
791 2267
2702 2616
2702 2654
2442 2916
2917 2918
1641 343
1641 2919
2920 2921
1494 2922
137 210
137 2923
137 816
137 1055
137 633
137 2924
137 2857
137 2925
649 2280
2926 1505
619 1758
2927 732
1249 2928
1249 1250
442 1789
2929 516
2929 1970
2929 519
2117 1437
896 240
896 241
896 436
1656 1573
1656 1657
2930 2684
2931 2718
1426 887
1426 1427
320 978
2932 2933
173 2934
2633 2935
2420 734
2420 2936
2937 897
2938 1526
2939 1189
2940 2568
2941 2942
491 493
491 1044
2382 2137
2943 755
1615 2944
1615 2167
1615 2168
2945 2861
604 2557
284 286
2946 2947
2136 1097
1754 2948
1476 2949
1476 325
2248 1896
2700 1061
2700 2950
2700 1296
2460 100
2460 2486
2951 1920
48 2195
2952 163
426 2671
426 2000
426 2001
426 1050
426 1971
426 2215
426 285
1493 2673
1493 492
1493 897
955 2953
955 956
281 2954
281 2955
281 2000
2956 2957
1505 2958
1549 2302
1549 1295
1549 2950
1549 1296
1549 2959
2960 2961
995 2877
995 2962
2890 816
2890 2542
2890 2383
2192 325
49 2347
49 1162
49 2349
49 2963
49 50
2964 2965
272 2966
272 2967
272 2968
272 686
272 1599
272 687
272 688
272 2969
272 2101
2970 2971
2972 2973
2440 2349
1816 686
1816 308
210 1853
210 2974
571 1876
2975 2976
2975 2977
734 1525
734 2568
734 2978
2979 2980
2979 2981
2982 535
2982 2605
116 478
1268 1486
1130 1061
2983 1069
2983 2984
946 2985
946 1065
946 1066
946 1067
946 2043
2986 1006
1567 122
2825 2739
2987 2988
2989 1920
636 2990
878 879
321 1573
321 325
1189 1308
1189 2991
2992 2993
2994 1379
2995 2996
2353 1573
481 517
481 518
2997 2998
106 2174
106 2179
106 1439
106 773
106 67
106 69
106 2216
106 2668
248 2999
248 3000
3001 267
1059 1060
2170 2171
2170 3002
3003 3004
3005 2438
3005 802
3006 3007
2954 1269
2954 3008
2954 1894
3009 3010
2623 3011
1269 493
1269 2814
1269 1894
893 1568
893 118
893 2492
3012 3013
1960 697
1960 572
599 2263
599 2264
599 3014
599 1918
3015 3016
2673 1617
3017 3018
3019 1404
1761 3020
3021 163
1089 1070
1089 3022
1089 1091
1089 3023
2366 3024
3025 1127
3026 572
2955 1139
2955 50
1800 373
3027 3028
2671 1971
2671 2215
2671 3029
2342 2343
2342 2345
343 3030
343 2271
343 2330
2985 298
1232 2780
1585 3031
1585 516
2028 1523
2028 1657
2837 3032
3033 773
3034 3035
1525 735
1525 2936
3036 3037
3036 3038
3039 3040
2140 2766
1238 629
3041 2934
3042 3043
3042 3044
3045 3046
3047 373
3047 3048
1353 376
107 108
107 929
3049 3050
3049 1091
3049 3023
108 109
108 110
941 1679
3051 3052
94 3053
1212 1477
3054 2897
2944 2168
789 528
2716 43
2863 2864
3055 2631
3056 3057
2438 2439
2438 3058
3059 3060
3061 3062
3063 2247
2662 2380
2966 2963
2737 3064
2737 1839
3065 3066
2347 644
3067 3068
2552 1804
2263 211
2263 3069
240 241
240 492
240 2709
2663 1439
3070 3071
3070 999
1568 345
1568 1678
815 816
815 1084
815 818
815 819
815 1098
3072 1273
3073 3074
1043 2002
3075 3076
478 2899
478 3077
478 3078
2276 3057
808 3079
3080 3081
298 527
3082 3083
2557 605
2557 1794
2557 3084
3085 1379
3085 1380
2497 264
2497 265
3086 2450
700 2452
700 774
700 2183
700 1225
700 535
3087 3088
2134 1351
3031 773
3089 2145
241 2709
1207 1989
2664 110
2664 2185
3090 3091
214 492
3092 134
2607 2885
436 1050
3093 2667
2976 3094
1871 1284
1871 2313
398 2195
1673 1193
1673 1194
1673 267
1570 1246
3095 3096
2107 1701
88 3097
910 911
2586 3098
3099 3100
3101 3102
2672 451
3103 1023
1374 3104
1311 1312
1311 3105
1311 2654
1213 765
1213 2293
1110 1111
2577 3106
2577 2758
1940 1941
2343 2345
3107 30
1437 2118
3108 1484
65 1171
65 67
65 69
65 967
3109 183
637 1351
2967 686
373 1648
373 1649
373 2948
373 786
373 1315
3110 2802
2110 919
2021 3111
2923 633
1373 202
2739 2204
2739 1228
185 1597
185 109
185 3112
185 2957
345 3113
345 408
345 1007
345 323
345 2293
3114 3115
3116 3117
3118 3119
492 527
492 482
492 483
492 3120
2922 2452
1994 1332
1171 966
1597 1598
3115 2324
2822 1239
2024 1327
2024 3121
2024 1810
2510 1535
1523 1657
1275 3122
527 483
527 171
527 1181
1824 1069
844 1573
2218 2219
2218 948
2174 1228
2174 2452
982 83
150 2050
150 2051
947 30
947 110
947 1285
947 2483
1295 2265
2179 1225
1196 714
1196 3037
2720 170
2666 1598
3123 2788
3100 1050
2902 1337
1915 3124
1915 2978
717 718
3125 1528
3125 951
1872 966
1872 1225
1872 535
1006 3126
1006 2854
615 1337
3127 3028
516 610
516 782
355 2765
355 357
310 2762
1193 267
821 163
3126 978
3126 325
3128 929
109 1225
374 375
3129 1780
3130 3131
3132 2631
3133 202
1393 3134
1393 1575
671 978
3135 193
2461 339
3136 189
3136 3137
1937 3138
1937 3139
1937 3140
2204 1228
2204 2780
118 897
120 1069
120 1328
120 1148
122 2965
122 2118
122 322
587 1647
587 588
587 2767
2284 630
215 1759
1815 801
1815 3141
1815 3142
97 2215
3143 3138
3138 3144
1887 3145
3146 1069
3146 1070
1069 1090
1069 1091
1069 2984
189 251
251 3147
251 2280
1312 2899
1312 3030
887 1427
887 3148
887 3149
1060 1061
1061 2265
1221 3150
2048 2264
3151 1362
2950 1296
1296 2959
1296 1382
2001 1228
2001 1229
1228 1758
1228 1759
1228 2780
1229 1759
2050 3152
278 1200
294 1098
294 1099
1553 3131
1553 3153
1553 1098
1553 3024
1097 1098
1097 3074
1801 260
1801 2093
2093 2027
2265 3014
2265 3154
2265 1885
2144 1420
1420 1421
1420 2999
2543 2412
1720 3155
1720 331
151 2658
3156 2556
3157 3158
3158 2933
1439 3159
1439 773
773 1225
773 535
1050 786
1526 3160
897 3161
897 3162
517 610
517 7
518 610
256 2325
307 1599
66 70
67 1094
67 70
68 70
68 967
69 1094
69 70
1853 1767
839 2215
839 163
2344 2345
2345 2346
2346 2912
1971 3029
2215 1854
1177 1178
630 2378
2452 493
2452 774
2452 2184
2452 3163
1168 3164
600 601
1758 1065
1758 1759
1065 1066
1065 1067
1750 288
1750 3057
1573 2852
1573 2853
1573 2854
1573 2855
1573 845
2854 978
2785 339
190 786
190 1628
3165 3166
1620 3167
1620 2933
1620 3168
2933 3169
2439 3058
1527 2229
875 3170
2490 2819
2819 2491
2819 2492
2819 1598
720 110
720 1225
720 535
1208 1989
2195 7
2528 1776
1776 966
1776 70
703 1106
44 493
44 3171
3172 295
295 819
295 739
1765 786
1765 2701
1765 1239
1700 978
1700 325
2019 3173
2019 1030
1978 357
1759 482
482 484
482 485
482 622
2948 376
2948 377
2948 1755
2390 2251
2251 1842
1471 1246
2877 996
996 2962
483 1172
483 1173
483 1174
2368 3174
1332 739
1044 171
2999 1921
3144 1022
3131 3024
2067 1617
3097 3153
3153 3024
2990 817
817 810
1327 3121
3121 1810
1767 138
1484 3083
774 1875
3046 3175
221 3176
1433 1698
1433 1699
1018 1019
1018 802
1018 1511
1019 802
1019 1511
581 1628
937 110
937 202
1849 1315
2225 2254
966 70
966 485
966 3177
70 157
3177 3178
1637 2679
2259 218
1450 3179
1450 2478
801 3141
3141 3180
710 1244
3181 997
30 110
30 2477
3182 1354
157 1067
519 3183
2541 2542
1194 267
1194 134
170 1066
170 1067
170 929
3032 3184
967 3152
610 611
610 1715
610 1716
1715 1716
407 408
978 1246
978 323
978 324
1066 1067
929 1404
929 202
2752 3185
2292 2005
2111 919
2111 3186
1874 2380
1875 1285
1284 1286
1860 3187
2491 3188
2491 2492
2491 322
322 3189
596 597
1663 2814
3190 3071
3071 3191
3192 3193
3194 1453
2689 3195
606 3196
2968 686
686 687
686 688
686 689
686 308
687 688
687 689
688 689
735 2978
2434 2706
1172 1174
1794 3197
2445 1804
100 1529
1529 1530
2936 2978
818 819
1273 2677
3198 2652
1148 3113
1148 3199
3200 3201
1827 3202
3203 2239
3203 925
2239 2240
3204 863
3205 704
3205 1107
704 705
704 1107
2183 1225
2183 535
2183 2422
2216 1225
2216 535
2480 2319
110 2247
110 1285
110 751
110 1286
1430 3206
3206 1431
2447 2878
3207 3208
567 3209
3209 3210
3211 3212
2653 745
2369 535
2369 469
2482 81
202 659
202 3213
1225 2185
1225 2422
2477 2064
2698 3214
696 697
696 672
696 357
659 660
3215 3216
3217 3218
725 2643
2005 3219
1628 963
1598 3220
1598 3221
3222 3223
1625 3224
3106 252
3225 2525
267 644
267 3226
267 3227
267 3228
3229 3230
3230 3231
1246 323
1246 325
1246 3232
3233 3234
3235 3236
1574 1030
535 2185
2506 1796
972 3237
3238 3239
956 957
2621 1881
3083 2912
1575 3240
1575 3237
288 2691
288 3057
3162 1511
2185 2422
1313 134
1379 1380
1763 3241
963 191
1831 1832
1127 3242
765 2293
3243 3244
3245 3246
3245 3247
1774 739
323 325
1952 3248
1302 1303
1845 731
2088 2635
2280 3249
1481 1482
645 2397
3250 3251
3250 3252
3251 3252
2254 3253
2113 83
83 3254
2864 3255
2574 3256
1805 3257
1806 3257
1165 633
2162 3258
2162 3259
3260 988
2518 2519
3261 3262
3191 138
441 472
2726 3263
2330 2331
252 3264
1418 2988
1418 1577
3265 3266
2742 2745
2744 2745
2745 3267
1933 3268
3269 3270
2562 2563
138 2924
138 3271
138 3272
138 139
138 3273
1705 1706
731 732
856 859
780 1893
890 2286
2846 3274
1099 3275
2980 2981
3276 3277
3278 3279
